prime found
64159509127183399448079967290385825747620646689321461405889963632094237369253047486599540454233929524379639469640594727918737523002976799
1158881133609750152530944409182593977566397930825868896643887468104702162482133170226704199454600352034107237920383242273032196509241268449
1603987728179584986201999182259645643690516167233036535147249090802355934231326187164988511355848238109490986741014868197968438075074419999
4106208584139737564677117906584692847847721388116573529976957672454031191632195039142370589070971489560296926056998062586799201472190515199
16424834336558950258708471626338771391390885552466294119907830689816124766528780156569482356283885958241187704227992250347196805888762060801
21369126508672520978676134105654129088066901637962129239499226012214386933796843128505559442538288152213693670857170581567434516255178960449
23775108100941898457979132879043597553602675888811684042220099648417920835143832409253042209572060509377930150968692883864387173367790590451
59684383365562357336576389571881414401724106582741289472829138668755664312747647424409222507551112940054159616633163245646405580773519168201
69869705439502721998959084379230164239158884244671071471014170395350624495116568712906899554660749252049427382438607658703505162550241735201
106540874875008483746002290683641312768033310118036369255818152733819487041480263666966449395533829595827665066805060082879558578041630662449
122805310438749475506090562391754119595055144053779359722211258514555376214585911204819432900682130730257903672358950846406958540122885281251
132826223770551432707387552282921255754011643808567755475543697209343094913696121559132698625377792597846948612023441235473766356996912720199
132826223770551432707387552282921255754011643808567755475543697209343094913696121559132698625377792597846948612023441235473766356996912720201
158798795059099362596463424041660567839470326846488699570915528112160243378736870844801775095507365193434881414827324488769370290527555266051
225235966760297772724950230170855090401131506493281072856714585453193826174598401517175599235866599215929998085640160329529222995597137742451
234839843282773037829834700274634718692728472044588879110908739384372932330808467062825967947609740541610575368751986852864559018571645832201
236784678403190784625604624283124539035703222897358935909774778906970788901063950064763516517628706530318333190175467380554595749737673566449
264854463646333521884139609972668337800287255823937075274851637996012017750112158340150815466356050697234425458143227574019043416051475916449
268992751985036851148540767862898223561008787535398309535531540650282096060428979903036485825654139151556912203935045933969801986285167920049
290165389997007372966407157068725546057723600942874391799475228648873194392282485573614334175551335894602193228916442194182985368876150264051
344251856191222978701138569494520797162967806101972383764640467990728636494562804604817746778470538483654229301823463549818481100767659706449
351337471980456295377685900882152781793970661270724322658653440849348043834029688036619083527384998075502905735751896730083006675964300956799
358495267217457693378612322232986450478939589667001748196748039917053557190536981146842844759310470838066509264083675579416440830874320556049
377935598482994263411380552321973355680468645613866151002732698897578111113420654535282505516943351483953540023384775781975818300344222526451
441994858377166438797822894663467953575358635042735547625175959461497201236784244135184234189217540493451336306354057080632182795967507175199
543046085252480292928548843145825629127861153578416849339452652182045625093357793926578510404635979494349268471037993777104194394697195635201
560898468667119073824977094044375485142136598519720545975641534562675846641352454389724832536026570384507903153465489260147583110472773929801
582091156525691840455171008239981053209397543379287041196274563174901974422383851637642243242315715230529552815781148206213241098539694704051
606792567539657449242681795646779596122231492354675803837542199173258255809546274919983066317195778097415714011592777176461955044895840772051
616187925657469368299360005856865470480148690804243315342167210722633055694306268061301986522462659152142057466428271766931555170920589187201
648027082061834130275469689624719436507405436723819090564840105175059820988798092876527008472876246678615453553237416900661228666710816424201
651255107364795545060201212979016973365332600510375576591823943970299562306438636828196547851979891257810804164053709322909640148336903694451
657735217786641068404457289675345941765842285825997044193818830297141080280733194624343101437857518139773147750487409390429432638160204351251
727713192397795912389985008999378632085950279911956345630955440006120863801410377854883637717034787147894965774531035552736300670280513609799
900943867041191090899800920683420361604526025973124291426858341812775304698393606068702396943466396863719992342560641318116891982388550969799
904749327926297156279565163743331370894181775579884670606495190280703894152357427447751332186658146808634759708603699092916572101721665031251
970669213585157650250001825136247157735752763762744389609709259789953717159429355424764447532105119774339565536192557638682579985512036007201
994488431348624487295101512992802895544556928846154982156645908788368702782764549304164526925739466110265506689296628431422411290926891144199
1101041336131594317928500318670311155654917917835445599186477665890369207493751547917534713735108464567878992938502246125813454632254084864799
1156350842968546857215210755472579386563476141572058781509692682663961445995883253166451430077936501438489515888799291318449901298177838552451
1186694280816384156191687075002976233027991481165689750163340767339215014381704366312145100241510760482925811630472440087584969225463058892801
1248560087492270749109498183462730765505134689735867969323970164771461882765006617351098707124505827026808878989073383553980611882018679272201
1289161026861816494072736287763678045861050880218954206619884907382396517350237061463712478818200735553955369590955322405241687970794000528449
1311997802141773335313787251121099750713094604149934564289043866312695059963855568053474002748629624844039247514680521591210263607887872583201
1391142566619474507495459395771746315886893898131630669524547004575610307648664780443662448370205566532956806527949047725268521263607232152049
1410101701566557202032367026106055327395315799228325161369987488828894154791279055975952612574431692707410989991227843467368508201654611796449
1616919879238032890153252800666614036692770953831352892211873786596949928951066254549006231228654764529248757821614300572814558607054707511249
1673424356932479220254683726859665703605878612112554686753773503943189922624200297807360864012442908337250851557033401842258491759344391641801
1854209813775600244049511054692150364106236689321390234630219948967523459971413072362726719127360563254571580672613187636851514414786029520001
1898094918018593689271997752318774268917609211656886114231848684091875918331982156843560804798056571049247254069847354430747930880520065651199
1920229948667471962081585341033957378800538334764702018416880721544948430224374458226437646254767276735158229686873359611879895325956092647199
2004379154857093439420207723133254038382652039188165197642043276971167028423985408320580856031773464926977400578773852134715814508469684406449
2061481117980286664928998894021697423298034414741661298293285344603730899682620620583654447036041662203675279706753981442563490903942333758451
2316158279491320720075686819182928309489105345484504756752627687118601969030035014266243410397844855830104984854025469677866424580407462480001
2579228306790054453662676705065332791510786902072395078882128010501096365803314822223173176145317525362442601589419318211015228109100418104199
2598560368883938901708876300209517170631366848177971251721990230167991760700637881093979200178433886252257241707115399909971242709000252551251
2729285368730575078084339233563678290592143915807463729336491031068383769340490965347925763853935517658180757126508111668105670412118817781251
2769128423898555969141596893251007888381416337401532356869548698483914290746797107837104078476014787892820513237154920994143206413903666374049
2856445505851332126827968223735267348109818811255280783251627070864467541916514927150898140562948776354905928827868917881670113261615530112801
2979583643743678866218695700957340344175939737413760998054881383565364406987453838539554308579737245594571551879976629313228150252638993336199
3084183693467590052131393572630447485715107522969445393103171364899313043348514197520051121876530498822286732852825061405588167020609783950451
3162037247824106658399173107939375036145735951436518903927880967644132394506267192329571751746464982679526151621767070570747060083678708611201
3226457404957119240407510900096878054310456307003015733770732359253482014714832830321585602833794237542598583376753080214747967477868885004449
3327957748396323378334373408350268430643192170065522285714850281719455098232991151445386075832392314050167173017724501074315410239259594302051
3364588818138624650456761564675123088030974333034706757586275582830653901880999063244766500960481498187992673427422428126786514443799106368799
3475685018161663155563577533036381794427088709067684950601911922982352079775696293283281517728265936780051292896571970435348303385973948384051
3581002852393934705757600799343550127391808000608206129499680298284434770417325170732534663383890932094320471085987006681226911029983334801251
3664855320853842959873775811594128752529838959540731196965840612628854932769103325482052350286296288362089386145340411453446206051453037792801
3672526392163861825070286872683285507820788853110523194195182331405617200024564642972168907841855632560848026789429315060602990106547081206449
3718721238735433872672904449132363302359075718726834646407423105220725050930426837162520576968904061818401367207570543264704481123109224502451
3741926931192872018460781872301704725709168261376278602479665931441908135408918548775330048256944796203250428058246175870358589500960363673801
3780763484061420219939197777502166395857024884075408499586918700052960178466494534082062332588148271668476478574712998366601900307853103068049
3851174535359183551871000036605409190500929317526520720888545067016456598089414175383137415765391619700887859165176698543322219818253682419999
4404165344526377271714001274681244622619671671341782396745910663561476829975006191670138854940433858271515971754008984503253818529016339459199
4531141023058393668184217034946873820888322157430367651459504769712118331618593550961587257970641194420858551991894574006975495008134418232449
4694567322713291133465873226629353466409839623419323661434320111451243371867587797856360024921410181781239314903469726390496004242508563200199
4729341776660224535966732568900742583965050013924935893516312471739838448521722949594096975847604971583453079496014928733027959979976176625801
5461133107856917043184136160821016365100083431192082234537879792559324302285916474279847596854762002876741426104334994588157595404062566948449
5564570266477898029981837583086985263547575592526522678098188018302441230594659121774649793480822266131827226111796190901074085054428928608201
5678517554687775747401627604994710490075349861046757593555048593713040596162452534110850577327541724967125465809877887137857762895282215405001
5822575702524904723974894656551404914449304344316374687367960902680727188505603517295606108003688844852334125056555284987887803239899836751249
5909876744600399085811403967043841777721269913008450783384687802570372416115979023347528520205509274832038445737401871726732730403230949745799
6017460211498724299798437557195951860157702058635188626388351667213213434514709649036152212133424405782637279945588591473940968466021378781251
6295687922828755111505036335350709993512258993003431143774993494503790094866475489461791119313209841165109586505685030511560573734523787674449
6295687922828755111505036335350709993512258993003431143774993494503790094866475489461791119313209841165109586505685030511560573734523787674451
6693697427729916881018734907438662814423514448450218747015094015772759690496801191229443456049771633349003406228133607369033967037377566567199
6693697427729916881018734907438662814423514448450218747015094015772759690496801191229443456049771633349003406228133607369033967037377566567201
6776848151558746566703446545047002844592430806559579360997127408639953822127353140772076460478458806012599418980787818136416650867189424500001
7351540914688210071409760832058811282270305844117504021175035285383529929803095000371420194212145671244848944620226035263066762545107838441801
7427750381623342603066683318205922695916151493513163669551218957810276866128260885839096710857940410658026135127758504188322737959149811822049
7460531880818012871222186676493354203759076417680988853738290861103550015534113614789281163558775559024388857169277995557118717912309145280801
7636585573863004119307718106738172909610547472196486943836052921310016602875343977092510302565193461639286587873971787490527733675429313619999
7647657099156763704674977406093720113666121260040812978519906808159279864711375706099416635764827204102837349409951642618264210819242514804049
8338185846046036388122334569050364510617216148905889454674811146117875112067468364620347927317355039470759040384359100989001108173847615672199
8500878321315291693272803346106960368256745203748336350434796621397958074476551779784492712024178726262204711169500239070321046847802414092801
8747864361669704638410652685189256253586320109469297398708107904522431847119326964399625555474030627586899407035348561012614721863697560970451
8807191857765747038087799129943084896832323076204829337551866780268483987236708141747390568037805064293974204907431848450087079466999376080199
9276827434668768175160347975514842193962578531099408187268967709687232787110133714402895466748962259550647344642800444246940753372095603198051
10239873696575752347763424799537400385776692116777377570745389668173148307692128692123158306380848710573371554264506328724512488355655848024199
10368433312989346084407515033995510984118486987581105449037441682800957135820769486024432135566019946857847256851798670410579658667373062787199
11103188011513850374886926819405009460580238633467214825057693546315700342173455385840970072847906907771042888058122761234705040780803153100801
11170014150239132334374567610335901947210494763284561209703265811561253496283368013113731406702269934991279556293220293181002900832105941124051
11452873376134281697728824661129434807361208063085689120085145320601521959395226807904809218208595382161293018077531412650544139965550127405001
11466431082406719639824697059217484462164502150989226361398477443541528872929317092501821283600830689393913490642959840823987468188379693940049
12266500161222696630942254251328595709237331615205064985129925290033744012923902594659717553065127790562927594829378057081134125100226814636049
12364884758499911925033419376170446723907198650612721363604519681140833520039816564664950035880417131867968498228605056559227014170656691872799
12949029019317673634270928943363720123540520054686066691565782723151962510058016513822163464417268332843278199507414703796733654869932481834449
13122548411752141138078261214900568589274960093657336583938012129794961375023161380749671921575743995241962934453057692238389880500894032590051
13458355272554498601827046258700492352123897332138827030345102331322615607523996252979066003841925992751970693709689712507146057775196425475201
13679645429503474595485939570882988714241550168860714833325354684012435638100385592075815731339857205302151343967946976260908278413128880144449
14263444832959677693951415708252076290061478111958105058431561067469042121592725806102788687346766898906267504684607305301752355898218529105799
14674759416066089120925659863556872871587146399012090699730708019946217259697500358592974603785025452225279552142072600490927897394905050312451
14952217213286593731838881682104146375032731885620061359580479167673208789200835162448774316479360080453459303028533352391812477813131423484049
15530707417362522404000029202179954523772044220203910233755348156639259474550869686796231160513681916389433048579080922218921279768192576115201
15975781932177793645971359935273360996983288646287733211528006834355097199181378077210772172644702685500054607579977727846493561965264226176801
16802609536269126563621231978742518782506985146463436967257048663804622642048777678486048362949693724901330295152702924642352827345298775884449
16901254781552171040272654928451486989593951890748268714168604482888967532004004238996695156398078391545063990837275339036527886286915852714449
17482439685011441415210621807153491343014664292493069089722520850327566175323547391338589181131478052521061681245547813842209275217943130371201
17583057835200146781395073215856638914243370371663597471572307785793597963077878483059448910448830412497670050843811676524267835338392548737799
17785160288950774489656525112821354265348375408734960075000861171234694810791025582642237462879667290499465915173179549917211858535851925657799
19232213857805268880808520695088716179260211474165916315549303410992948240417158815655003498284459336992324303771453523410691064629661064404999
19337740210442203777050750221289578266158610532808177789196640928676835237330237765508588092446560592577547715789144891589435408170620210496799
19478891130522007255836526149328427082803375955524685004289598848667442559542594469979107081445875237531182922622354199990856630721226759456801
19496571085255866731346937685314884026910954669978011149498259401770811527827659262877133167312295074735744787023707036375568737829909267251251
19602819232370482440832958111147762954349014460895527489586413181545559584911142309514942006304506462028117469985431861245002167168002196832051
20845424515421886480681181372646354785401948109360542810773649184067417721270315128396190693580603702470944863686229227100797821223667162320001
21194295856270266664142581699785783362018744602024146339759513729439657142855464152420043607271779083880354427029866813471026451426091036356051
21416127359077503267734318186692292354541142987952475292570378278697622968559656564104961518392292895210897030496149169742805486411873828642049
21490327831383090869196022668863623562018266265848675562686290021638139954077197713523213886927614434705842083542788517545643506357226771311251
21657748060481155501093321838509929725192573117094041833633622013613362860602427962624027475271659484179115479011348796950976957002407851584799
21807111397729238455008452002361947927533033982586782195786533848948878245198049057172831205449116072111871279696672101477571777955958781575199
21900724131515119483765666179636576496412921732396920290569065174010830743409624831771247847443121764908536447410344581722775710923115312412451
21956988011050338876119166805952289216479475813253037129630692803993450383692624176101527731950206531480822117497752530761989948809693735379999
22201632229321609627177161226228486019169262565369837944562689103445352716671421624483399692173478894377876956522958970996714589905999273604449
22277180051318868080027275387712915328987085876846513965368124535622143681173717087898870651058339346392833981998460771288838903339335278786451
22580654529490445559416693632996440284773331535687004477817984063601949423930284002510486477406865833043149676689860784351894531823139359050451
22675911350697710662784764859432884990438002064568556435049041318981974336974446886450747232625011270283877072664942804837001382439322841168199
22790484194121578418349173661021691478766815634394012234754609321537986621356590515999942361991159509932038013847853496872382267971025406988801
23193762798709810124542545800423367235617594435450160363012668556070241956230866124292431685987525263578121511461746307571885987592955805351251
23406415481742539053050741347009395405943973842611498264251152972406091300101419771871297950351805233366082552756403206260402148191853984268799
24148500404184824046917096268681820462997391147381862617237027764265801273073542832363179885130588420727438557772133735032192246067287164681799
24365475834144996956963106203064038378333516495613893551937734016901362966186849904016455793532972401517104677276057668790501931606797669161249
24962159269027802571830249898864626557786388509824583143012510678679839373720903245641831519757347946093835324343715199760146190570725353401251
24982173025906163343495585343661271286305536925301233356379810479210325769890274618142182663907790542484846498130776212778086341756807094476801
25162657735050250695105499796647082263247703030728712709905916815030133865499819019037455083676828975857521697686342058284892245330109655901249
25222963663660482641624229460902089290336357212326256801036115512721575442737081305359390739232530479989843285060337364791965363680637266407199
25748638561816778029152210652904042957143050075813539864699923457250231553062713836678972424059182623065466766144970167546485559890981406073801
25768965096302133819889855487541228316562718141942800520191576971353424408639260317785820740969339609862909290674445678463724314922487786661249
25870718067808526242452044810665824587084335261301646275389980585551198863217060072784099699658476232467980125145828809165032937712875320179999
25891092721925727420739275705278477735873314042915923921977688517127115789471633493676562966223973894712565934404906550528317631797523953000051
26609258177371534353498893314145455827265196525342425617633179956920235629574531902402347009827162995223114155080861695078105525340162586124801
28096287130381584451469508221032683759731909479951247211228829512144010774971545362314732471406221169430256332796188611624248599831897767104451
28672387392742525542001214762326925036462122945445918860966329099964765949979575210643313482558622791491446936776492069297742428814227058849801
28715294064471329440382118240452370557430844252919402588281518013143728971220263186149976925237391731860875820671814217022038084532735299584801
29645546797275681997942295191193630294059705235558292539796854463968190324726898699973651574754607865655451487069600052519302354799850647894049
29667357020409603904792176875074405825699787029142243754083519183480375359542609157803627506037769012073145290761811002189624230636576472320001
29732835809443215012891407986692200209989343125379114388039567759489654534667767471079170249542593126773369986568046081646635797199896197830449
30834775378702589898412181424904576767204727732268210487685727884870873061484688561661517356844060866354590294459123296098640114157472324370451
31079892773353673627041105434939540165359403186654345048395592622804562089464084251268602988678183204481887433325418335719483155943010009548799
31821067432760216706427790722076032873510026123499804653147771350805241725443531034149268792476771947968116302206173338553570906729835585228449
31866267806940317411338963059032109687749224869092431622708220830184052115670169806103578168726779751318041758212535137539389657314791182384051
33144902664335955378939748727162208809073556736963919027066201915408058172202013789464020410439207732809403593203002549872082177410717507031249
34214024644676775955642829262105553016419033383071427199203249324391460496604561946256971852798334817438903715505358600120756060125277610938049
34566320499324819553049770857499105936485109127752073261191653246572562948109294851690422016961254934836677042105688253234587352942991768860799
34707744097318413561283201125398938892889301938217010092495586198908606670830470881612759054007500073990790862406643534163602230128071080472199
35086285201168795618026872932412215264800263753684006714790336984337962671309063861783696342687480258184630735277523043058322781513788643592199
35181241274677027049210031284001986286906742310784202477671054130513462142615558372063863662559746473880712601692591123255642513047833049256201
35371538378748253011973036466985270646074185148864729932200923762646253650652762910909117899547004308850022612359545127218649488541059878444999
35705793381423596727247671076576358201762851812954422415760259000678556603787228975052429855428449523189659439086505215602424131351524636828801
36210123212887142287571769164460391634166133132546251845732594927931360362518078133136313455640233715836640868865081962998399862572184723651251
37082917095298781661963724999495155214723890599784436345967619048200554320570711964620270304209404976121539294390337793379642408466355718550051
37523211726684077740676173775025427943916937287689904874865538923625801024517211002997059650576585317482594570250746374699984744717963646840049
37670554039394654417508689419907798992746348102811931610984165225106905440635700626550035495229733536635332412292776000492650125439539983061251
37768942646641190160562320049747605656530324364510006072050097484336721953641450174870735890516301267560968589419469852507913509431065047984051
37966104818189024747066269789230961299052762611786290922950397342578147545077164789797056278332162132989387221509675400106807789839253195690449
37990786179356388111041453051647981596395050429309589272634975637962868797015149321502057539050650247753297014068152766391204029180133403328201
38461255829878062632306826936794513909260024952611129301350353136908834821974375183774888231787712484093787089116626689919520646673028669144449
39965956717683331307862922369672287487606098169092440874971987508990524923876782279954363954290633716264300583778372737776034838431255982546449
40270361508737252946544337774481523037865684327309926548612232441442996033075203363754535473975746594892719783242082539462645288609143605974049
40626960060466138280676766232681487457370959881609175231106168859310175804373511801685055719820378775189221819414344964960417631761994151028449
41319124874838154140810049434804036692878619096964829404526923391341389454782520412916895299654489575760015191195228258496716456923435827804999
41344872887844756928801057026677259654573961107739337723507374607371494273416768776536361277733029329602267795259888399668464345275635959932049
41732055475580706499657892104284959867390305579057302330135231197277547966491033026540649942017939146178922550821835126165601451621482986489799
42277142635217295314481382991390210895599762914458523218465658723927639589510700183040395900303275442556266146573501061362487560853630714324451
42381369757794404746884788898253442669526772655005325932519526969847976678117051758682376853771178461068620870891932207497991549959749050136049
42668655989819329764800963466790012151654071779428017023738412886378859643607389013750030033568846049375816527799648528003759181982280441816201
43615650344536556740654623783996106939688952524562401794089348749588570587177563994652239250673338849155660006371543706187839747821804379384201
44013298952198878103546426906268051340330377613871561964109041139812109652722687648027779464994845575485979190621975554699968598226091266532451
44226116043973745439515708157770261124335235298940041251592378149179766238076500006540830140681539519718346454742773407412475050589892140578049
44226116043973745439515708157770261124335235298940041251592378149179766238076500006540830140681539519718346454742773407412475050589892140578051
44840824290951969140665296819381492071709079488580012090730872022616134120421477876194472425302276408870832506773933092963493979876688473612799
45028751503154809766611188548572987804437969589023452733780061594217265147565855630598190391764005978068335744507977247458738457002659380346049
45459775085471227844103389768829799781810485093482314311504830369897674234212497603613166104535549516613118162465022762840896535682193378488451
45513797392156316266438673101288304647089981677994722982008589719275897582077408669596882917598014485272645818898460143601804112676561884954049
46082968427531521549829987006115184254639452113646947913914253191024386579449559188796911178381358842945203421816042417044682718006406855205001
46164567293233337487040548209514688077648097897364510565048531620396229431713742330253462056425309232438428502039024695927083867372381078636451
46382517145738379494965675858400128727712765234168135569444339826854453556057094932565440695348341891032746137317393796217823818738022190826051
46409796967025393786618506359492409650997831687882351438315856665766274624608534212693649237455226479942393305274391606588700766948584019024201
47922537843318162631917939313271259703132903616651918607569916623915611535631275831386289464871318901406430623507176991472057275502662642956449
48255814413479316800350990703361168874978919065879598938842812040002525051645860786555430777760837048320820660732225060786231157565901605944049
48283639590593912150899129884175418077782840295090674040136278943605218921214938717587275415961582625631425055624714816212295415045408959444999
48478640388678024746634172429760678847800405571831612374305467883696788338029276620476390981758391485558991148610286846276292932983290944370449
49122124175499790202436224956701647838022057621511743888884503405822150485834364481927773160272852292103161468943580338562783416049154112500001
49515887122890596520698953735954568247091642435405782027897801585123220844128812747614906189925599476076660411278632078556702687912204131865799
49600469405766826485983850657833075010997552579194398126987453897803956078430666155779583946600671743292769144736952645093952058572997993718451
51049411670171252338457099094137547657654834227412271268056032023366629282169356775377736755977585301086001458972114163594734372502640532595201
51565783439504106133065108690882395379728122097129602719815985923168631728076447614811761507438373524380589892333649080113706351772149240625801
52984626874189242073272276612531765775881551209469347930302525919542398722709287398507763307399694589985697608202615454612753787961313008011249
53101300941537025085168610033049332400003599355473879007869136818407362093365274065362144571715718990825781982578156876125474012146893921322051
53335034033287354209357965353888207963202181371363077091770793955919081400101462917355826697590493196083097009166057562719281972943193765804449
53539971535347539334082529284407567237982409395760024087275220104128171411928363885974429367215151535845751398814490179891765905354950836761799
53686596063549755646633719534655877095386268704897214039544368011641141773766284991058648879509468012911935243639953201530912695200488577180051
53862810155367564853217871164818921765802108811029435433295644796756688596700938485980594517367021500350643923443321094951141507807416252961251
54009875780195030551640266964842353025757983012112614470611958197769629606420773205766284401501960835682307878290137895679042738973424638845001
54039312964976446385099539154834773172433813210071758773623248086708579843703753619616229853156619040472212311624302371047645954733197442138049
56932838657133970067846032094665927878711647528823049278976141688429670848929861229898914615630836638471614398338156700144882603362013505155199
57053779331838710775805662833008305160245912447832420233726244269876168486370903224411154749387067595625070018738429221207009423592874116423199
57629999893279265335211334524241215910399402702039634361203879901378733838074000422203773134677820906304118834542738254995618100208059038750051
57721246745166081476113900752722011501954846940503103727097069034031752861282584990676121418617576722949572503050967738310230029729054834817799
57843021493489475568266356530639163799223830927919435860845448185005467723809427274805687346399712721186845058764345587103819793547714484784199
58056436070693089799642998026836765301230963330260209454438127544659448186748740802323456980306886718887908108277704467854729989154698324051251
58178563696316683400492418244574014720541559231233332856224239090433139567581113978214199205561521003737564752008165339919323306029734490390051
59160204185962589412048041744116917854480155125579951215734355534004181399330685604759172174511300125460573235893666439256479990131680035430051
59283486682750472314087527401265394218654208198193482403825773099123250476435705335504673191494110621041668713134580842026175844282130255351251
59376032764697113918828917249083820123181041754752410529312431503539819407951017278188625116128064674759991069342070547384028128237966861699201
59870830899085952295372509956827275611346692182020457639674654903070530166542696780405280772111116739252006848931938813925737432015365818780801
61713143133887780467786867682585015053890854467671396825805420131907027151371948990774711188955495298200401280210400523777730515540729983790449
61902060808512771987461739146271556117804723461848103868915063129821728633305714589099003535822987103684937128628757254954087238177212248978051
62217565194645696354247672385422028415918647991942842155378527025982552045569016450114356776006682452121074005720714879528627629946579387392051
62438895451287876837531220747584081269177393091568910784272158059899642135043761572365785628217397560877207393253640668654094799795463718921801
64063305953216508389570036884431847851026198755901241957103169499750639066207688120208852355794084136678427473983335508661393871008329023974451
64964009222098472542721907505237929265784171204449281293049755754199794017515947027349480004460847156306431042677884997749281067725006313781251
65416718718499878609227559754438891652259382487489133524729715337587850956393396530414926361905921763030453778775669034149475679687315318082051
65611218270418935084654414175279696283013294477927811534981670762338544636978287143870552868792931920383610655827884497067161332488298842251249
65708576315550115444354410020644901124471199582988438770073770914027520636296293065115999758960953518816261484995597247029607521758360671859199
66001083527630265011400672096519725753168711337535473395214561126348965270352553286922874976363084393138503535065155570931359541046826430776451
66131295251403883720580550390135563786523507439991451301137814807540300525093452346796928743714952153108232013368791157931670618849760972192049
66948025752746326150742280848752397102720172140894423091878104703963225137354865749724001331340958127850608455179981666132223672912112928425799
67374706538288698001884340156223241089512395572830501223183962302730286845309576407087227837718005707290709426290425883758735752045558662576051
67440470035144060986318622122695886560903706735687055721124999515453183438613060780760992366683595485053198556746807493354852458006636713796049
68331417048669372813791919083475873681033931619647900112346552627307533059951357646368188972730036557772901146514504759506925511698722363443199
68563357684133461251759193670228574090225689483720215277920182713960280733931042991347714223943370602624128816924722361985522242765473312261249
69996757307451826925716144734456950770595610030277600294963183995833079108667032060192238294645245990990080163498363446413466242530168380008199
70433029939608712695075691997037707438337102748893731984749222144163138905108446048154711432320201542894075890709518932951802172923303059190051
71749980053861240499034377920634033844975091821709998549340533142043686239019240835811057337097642349173278191645762337948573664083747724044999
73079128494786574046813130048011444856733347269978072356781638969259785489809864859120792979503944381303303171536171161017990705215753329864049
74351391510932018613056228274390017535738118562375226523503747607470579187392974899202722304355011255668775053581809891786766795691426421377799
74455029168019022047977204946553768889891072038230571096630949239350046410193496462470920124544990999953624539962613714958208031396552167340049
75704311049988973610330494029648516495935867460241693932395735666212369353128907176606243076499606958687582689895720555202877729075704630101249
75704311049988973610330494029648516495935867460241693932395735666212369353128907176606243076499606958687582689895720555202877729075704630101251
76963986772437528883394372067444306605751777427016486844908276267183091562518136884434395154007808814004490341422909171793470262233583575104051
78482221306699312807271546868422395944216489373658827164295215553468426542615620795318075467075295015684052666285282532600404812688069328924801
78624206300397769670250147836036019776595973864782295558386450042986251089913777789405920250100514701721504808431597168733288978826474916583201
78979730180348774682441820954783870233519976773249498106401837803962593282736151238791039953642538463698473485642743114269368683125815161776199
79157792868023310860722570389004469145540170199264455574759871793655289820885006337143693240759429566231603353808330027325195654357624360826451
79407417468190579223162722016741582147953616004080514968133500301534133469039592053336712490310461837907988162347367318725674987454153005125001
79872048603381680055078320624864689350675557048533326743860941813789578918398215888288262624866188786661759690204103948133750999832455000052449
80051113783386328473975446308574200541223057047152804860053442834164026929005965565507894029802677294343707990236403995482201701338061120615201
80086950879203180851529664475303836674017212404619208978839970246975278566466528970844627785617645333603669292607665120174914811165753470844051
80769379488065146630796701542390069860467670186839758620492380977025321916354753432120375885187826135369138054099030453461251967908079445891199
80877396031650080332730009672321390047227898771831649383360534598922679570855726515879534124013807345344026450873637247222873657449150145020049
81418561441291270062262236671426016241838532795203985497362527101545759433616198079851661685388878592779192341162721401067015733850204315897799
82579078642383763391479107119774515057961495052520432091272264763723079999151247202789274173125061910016171259889580478505609858166282160256199
82615477133905478623778495986217942066730942090645367772846093713716112461188791572291515674919004496159470884106200958402192256947300786532049
82651883645365834754002815862657280373728607581351139619602598399954598935006007098424693001655503861543961055777755143373115645570509788179999
82870491132839430391772286331207447478507188029783330168977816978540052025282394544473409285868192417915903582360688059759816763995761680881799
83454855941969816793945398673288281579416516879829670039462662767301166339241551300981357900325355048023953338650174596541700625355272793576201
84114720453465616261419039116878077200774358325867668939656889570766347547024976581119162524012037454699816835685560703169662861094977659219999
85738661788983755284849391168965032836272384514221084449301370440258284789078140466052483492449152444891389890301633796328014026539706005004799
85849950467534175340154551377228162700145741752194130606701224450300879249684945455233458307838299585272021648689192260420759571694449855950449
86444709117143165453038252674010039304826185147004140553933824413170392830097921205434236047849048111963020906572760573548566268532687450886451
87265854594707422190874504135376042295657107993657421277737107112715750927068306333691480266352561058980793722324955725173834230720841049461251
87715388195407032679107476426196130583757812054686152097077475142904019201195977810906339946545151086193359666268992552134996865175761406410449
87903034709757441877680782805530730878499056314800326958733013945914259816051865083227304040017393381949193743080357029028306697825069175120199
88354204377939795542599681135516724005156324702319635475339232170175146493232452513153072008491566374364631367830869691155031260086826107977799
89904414407562839493176792790193159379528007088755766378054331867085626438878837911577886367532931410670906395513925183359492311354338470361249
90551138249595527710650973355482292853949913981093708626434364832374409345671073051927341822840331030656057887640435525679742690665113288819199
91429806737061624815054894012522082386677687963794384122979365752438666932332829115571790441832343085113032323904630323015760295963734243781249
91468105954041232855562932247996487075534908263577490952847344192604300186152437606605822455012242351418491694940538905531157287343871833244801
92197314864995556230952550621233322827183599949815392105047324442387594246862518696130237444516116467048423761060205937448488193582657353751251
92505216349296909364903886384259884404946431433277445798334190377858014491997564071018428639155985094835921650875011151547770214955548639414449
92620811734897491605896998960327381417373097707159512658830914751709413278287780171011941448698122687735877392561969240561627305366524065177799
92968030968385846816822611228309082558976892968170866160185577630518126273260670929063014424222601545460034180189263581617612028077730612561249
93238539488774013375783112885399216147671189293484299689246823321559216595678948512212921824191486961196604561375668886602028910237996725808201
93277215642869743618762908590681451853254676864566706282700561365261188403143101364900937609671554851838019662793461607611452424201081957760449
93625661926970156212202965388037581623775895370445993057004611889624365200405679087485191801407220933464330211025612825041608592767415937075199
93819523893767261302597804514203438045386440380708195935233846282861464944506712748781420225360967141142838565410598734549185553114264619162451
94130120077451956139325959635856195827830671931331201129899759596804433147611266751664048600699913593970360400083128853627040161463122029851251
94480154309403266521902356412402762647539144048216048610373605897767504277248733487173596131061821965352399344392153675776712318783150332841799
94480154309403266521902356412402762647539144048216048610373605897767504277248733487173596131061821965352399344392153675776712318783150332841801
94713871361276313850241849713249815614281289158943574363909911562788315560425580025905406607051482612127333276070186952221838299895069426580001
94908856119483144650127030238843253787842417530522840367713749030388976953680575615532650522963177913572518274145891572137153838148570660761251
95338528342138571427268356274789012013760123775110808112157656248710385055452627696234939732913904149976693445946607782492855128419026408704799
95455880094301510313821360039961083338166631164195995147660366860316212421490827098403398204875976396697379080264047282787388994269694040958049
95886787387507635371402061615277181491229979106232732330236337460437538337332237300269804455980446636244898560124554074591602720237467596204999
96475952129914599181646383439910927581728051825909517062552611392102878701424581300392844298557841642205490968191863098366569002147918369101251
96594001616739296187668385074727281851989564589527450468948111057063205092294171329452719540522353682909754231088534940128768984269148658727201
97699277480473284609960458671238758472143825470044391284587377460553292519454293578504369823927441586826242280232033465506625075577920940060801
98016225455561570603233973709653264451337071464689639303932473880895838052058403633088171553771357198676677699212058003462543638941555645452799
100289336714397871711242464375782299520863632582536027442673087270540031793703505430806374584995689477416519219709421486615147085565123298186051
100409695943551147319644596889421107680852059689434776421679198974191113577118388569575767410416553939583660149627000389787552142237181694976799
101455832779747154443495402776082671166123451238865835180267586303703318140983401822106644567407951718961051266089357696974949137234125982444999
102710235392539319330917141741566782690885728633740849485170830323288027605238846045094491745185071223195173965997635227186340849151833120292051
102791429251339769922918686940172765953369342562126185794579984072264442862629635776688783463629904261008276399746465399814522011487193387432449
105201079965537358202877622786691653358315058868708286168375007040763187153176179216089406141883403121017188340490157773622477521401901750168201
105653424554730603413798914081078651675406330559320092884243220624983086556078591092447272464442144272267041167388458229140157095544548675038449
106271821973483640160416767340809079807760662936144699707412553171328299857072301012331394222638999612367179048689122248888031352238917679239201
107721766730218178253506392026602464732945251156967093496315598327572724533269886210796525149835510575309229794790996901681437396442357139628451
107971315140968358085659699059378420402190621662265209320453807341119755069517595938995654062432253444194304402508163994875677326038077217892051
108429570424939945067255144720752045513478892904953269775954038538239261154037650252353223367655340896201590703692605090182666413875030792000001
109726238114369642019063306364688698700952415400834874593558412571366612697160089920372867992706687001509898491101508362171074594136016140814049
111368476939896989658223757722447281244130841152366000967477585684861877814532997658786273567587093830477705564148829582438394084538085898045001
112852666834628161890768795090781909603808221893358820086406024609194932789926421671347376999501052153303393942817624902667826754894428197301251
113235903612552789682559573250401251088341087694905391423157418966337612687402476858931239792048026583214299350552188732589196858882610540785799
113449093631474458772038146466713336239958103424982752391635177711118880820510998000782806327563610762162027071327403871258559338908263869634051
113705186312155611310935157656152911263429731236243179004836787500956384968970371539825568393286685491858588402270474305115046979731330251531249
113705186312155611310935157656152911263429731236243179004836787500956384968970371539825568393286685491858588402270474305115046979731330251531251
113833340921667839702370231885817501301246494251714680541403714835188766202225618923864583062872739376462941458383614540546894163012433510003201
114646662949087900514436283096172032870450316605762282129506816827293735808126790758643930049912114173699335231847980392152526534143875933094449
117104000218444267856035004378379499540382951957996220679491767511262034140598031525588967836608222401827242339627483137992007645722556258336801
118669428081638415619168707500297623302799148116568975016334076733921501438170436631214510024151076048292581163047244008758496922546305889279999
119456039703414965892252029919269576122921414150141728463535639160541884811876821306662092040005097582743856637854905110271462624262703135592199
120728824015572068823615643795382383186760384860293233367131670654707189275138556527754849986122355107786714104471234670872403054480750626292449
122495456099389063727418525694723156898721119366883699806942850803316904101100939190298368332529686357240507477267788446705645492176637592480451
123739733539647094984614864540369254410357600378453055568717977813015923693521548166729736520328872069471564015322263320561537528328995823051251
124096396250885107502146741078536509215688623553398993572673320120846735559057225857707743365713958483697590431133995386654037790219369371082451
124185642128081019610779020313037435899303563872943839725488913060258978643237856846761603326485797879666002509636265453920572754113866511811249
124900764016812605781027319628456076313086543600943016734318962594902301012955551314047241804388689258144737971164879522757955002545257691224051
125483312309840828803203558206463001365304392941429965190927754124068081658819191093648226069356741390123128728911881860201604664648648782137801
126562346934341799215121367096352710182727876977450973528852011532432642542895288846277857140716047616864145505512297382335741992310512845960201
126832827384944722631344610218457154227623408718731480479773892146614643824084717381219489153385984305256548970606434719559965410023112645404799
129964104158111665298670894487078744909437269796370887825548986744819914037662263315594704337955922508349730358829975977495845930385606614326449
132487397402850777174902241975660728208238459173401448837859192311402005246149096215355966452238983216028699735984269254715627504137933999719199
132902609676136664993392956988978415728678295414741810757938747079169830109174052890480963290759836480566317846539515216034524108939142951766451
133179778755566097279008662447672882495908016608439679471212191722060477214609226055623073305522127056111637889048362585259133055038515811542449
133642368816373089589029319011836564299548361471069687207948658359847876666041540528001455992197153687982415089624471273247427152579367274270451
134384181060901584053448019593648005216842351388091621944723558119362150238504844263041519878929006381143292481172455829491623595820327692032051
137841769087520061041404773070910542559294501848502500160617671204477524737452575618618112413777899960176873442011122299676528320303719613272451
139350544104154905862825821581711255637575548976048583647038579589249852823427930283312987207099665046872185043779190525298265351894657615701251
143638003301578936530943765395891288443160298691062490305487176408964550235628265181605001497953847387338854451337923267991434986869331540361249
144310779914286581657556331932898274211949848792246715149789338567610690408682252637549484279156944372331499350816574544308390868535540755086049
144503290521422695447600295874753076882105584542638024194737711403488789167908696406533026200289873277869400459045231148789511040473311186974451
148331668381195126647854899997980620858895562399137745383870476192802217282282847858481081216837619904486157177561351173518569633865422874200199
148575654964497843769068551598592091206871436039625980653823062120126890649328610463126215531771236369605587125281993797657333107902117631912449
151272740279585213678554885698571907111166492843376241174716472125697417123289407555266804151259703233883719850849676035846364561919879330712199
153051241872590737511255662391861402200890537169604232084887741917579069383165102031595343412651067760299523456948113321704271966057521847608201
153497491308416900299229386089355813864535784898780553261922395955253919833517434868441982778866656688244560218096797920722799260135483489682449
153547114678757456209740010439056971651637460242704325329728513974000617720232716522357399610936728243111072595499098068207673908688431104551201
155788466980575801535021701521377265737418949140439499345073211831646924814380038061569735869636214726736346194458989456969957580238112283768449
156338823239899460286524865975796239701567929821450080758421598071560302176643655124594318815181354984575879468102099626008874015789336631072799
156589305973501304726932635673095861614400750052415609826341530357702725085223054600297471333585962635059652854319043360363839262000235440186049
157593241892568906969796466961272173822786644121486767393690193563635919664458441660844037642843588047292383262920244566368947707391424519664049
157794414033437190518765921698711178579418308659181134835928361544604351145729734591238270501937838533316075622477302651138336908894800353420451
158953644034377819731031365042715914029912209277273376918018643539386302820627563074910683086393658782341971674687302064145202163539322950556799
159408410645040616115281821355868124411925453647297705519054929469733313780990664253811168541604547264431369832975581452113860670023463237801249
160319892711455947079540969411178990645409026364489550860517705238072660564176957672929544913067621584219469181101030561116038214644005027710449
160421328895386024034068383839465090635916014606905368091000417270575001553457746741005858786525765426797513391102532341380877738667872734031251
161793857184419974457798969034726713764107880064916259371534580449451850520489656981047471543221686374527209554729351911560708836207618727539201
164197019768257076316488717794553360902424868233601902112544932795378299281282234706021011842946750828412968604431676880226803563790313414246049
166979970556403219859248910415757491287140787594074565161756112912902202874292270267276010209919374638497697656247072496847642763219329034434449
169212749543814445302779351812448607566956750682895878596820448724158171375971125368017949605025664113290276025882833161139408293467498940876801
169421203788968664167586163626175071114810770163989484024928185215998845553183828519301911511961470150314985474519695453410416271679735612499999
170047336438540846962799976026961946388281800055030572166788265371084453215670369009723636427254339068543406376103918017360175231166721663091201
170883976437559318491602938800428577556030773287859324023521070496846962070965428748948894434777549509541316874788031372612235568466680480563201
171303066351178080456797797146769377769814231352033971809424343739291801629461389655131362633024605537194564679803723737375000761966935925020801
171355488680104309743109343985043578638564146646669565525984293707701949627281904973243382370046993047236578118977886955804880865444324544752451
172563415748472471155555880024221716930800491335599002597281646184880660828342996519958124005707576848771478317545343580210236441868806401279999
173406215060367152290705858474548225137821236150509929314309416747151850730425504551742095569114393747003729261618542432556176977970973504524801
173775585364381667570290920351236931985764397439790771050214463135904544260850129924437917035980696868896178119772730188941975644811996829648451
174251067476553903294638175483828025691265904826114914318102175788259267648103828681045638317815746130980760354154769783933410913673876703027201
174780142828693939402336904914096369806837221583876731419220495900860424753010031623882009778286472672321175956131293538208510802972940000464201
175150972761541098104259410610040932932316141242869755218372526286285748427334807503408151384698109616110304451083415618124369621092611643310049
177330868273554242630794772093692948695259628013657395438873057295017963253862055779759261108584996774492412902886325022211648131937446346125001
178024869653875024115737256584879185225029312870024531439126555427258145601815759259475404600264610021295841641847026777772033630960483983112451
179900071657043174678293686303869158701497349189684584039410514998701544895076424813312653106534340248366671185808612997496426057308577549104199
181677117631185375537619484682900753162799744372490810968926138662033294016941804361126340140851649342506390428836582812361443805088666935964051
181785098085046425198890603267850472507532989920868938988472251470826108618434257240046287167436125045895921362063987933288531040339880945918449
183300192813330297585157287655429288589650177682113920638841640017016197986790483329918592015492632174649384358319815757490968067576834741562051
183571407088318863161511718192159616422427697834540936703978350497657241345819822696590852010406514163610722915540387109017392055849853887553801
184005766965109894775775219570715528462739089612627642997696225551446519332809665828075130899281677866490773074749853935325401908880584040489799
184005766965109894775775219570715528462739089612627642997696225551446519332809665828075130899281677866490773074749853935325401908880584040489801
185257410719009590777020691097606153396994219319695016479759016302595048744858232170021054296819265311755347450160936919963493115084802050334449
185966738202073128196506335690978880840889367058040064144105846399897847603763515971455559253724883688473912375499949072589510202533647023405001
187773425869432087786377147014898633553687162979616757588790991226427624263293490427208055275732048858053895011962892842218826407049363785546449
190582758245737465053197897017652979460127682104749986006414005723372499605531795725926449791245197982034929916782711300884351692363619192257799
191357596597589177172482496762627146481225259749655248965447587341666393686680922467160240791425867590418481727747693353264744305744545392327199
191634705527478802723661219646352278511743342548996846439850963962716135703768561957570332119118982321654872664344537934431795828027490436812451
192300584992955275634833117586875547804265023430661969227051992950271825746305354710910005449723249159223646752580202846815500445409976831531251
194584386829999893676774644577554343412006781838762965554299362755106217190252108297665663129375768166470488030504195194064643351673314855273799
194975651566504060291421363743080894422986318673726538238909169093948362879178991272816286689422078616813131440627397803401344287694062946230451
195983565375137547905050975989229210552568565222892433736864997477626747301131272022307022170187866532676373386875716726279583694811678210270049
195983565375137547905050975989229210552568565222892433736864997477626747301131272022307022170187866532676373386875716726279583694811678210270051
196656951503181901273958299285925454986702717720220207135050515590927392369440267382202627647025278739999499892929329588246454804484355953274451
197556596140163266901019276587271245035335854428097872666883904660976617765831933614059726403274546899790351197572630007521331342031903693964049
197556596140163266901019276587271245035335854428097872666883904660976617765831933614059726403274546899790351197572630007521331342031903693964051
199475157941593432094715211849155652382666954626048652327304232243467131745884707493051512461477504094357875556633292711670285350182261709214449
199531726578797005608216090855315994435405809904976543443307537850777003833795210789357353693801746472095402030008181453534457202072074396321801
199871306820729905545644916102192184014631529082741449608163561955790770608631324856442053411540893102585562366811121711280649100096948401779999
201687277567065704483623371496379264426592183866636004251795871486433565903130663112502766804557530243843603682359829104459661046948024657127201
203968789711628346167997095133225384390177574062908275419389318593190836983981301481126246463110088777730543661900248652984451353266010512135199
206838724754273668604559022170083455358150830115129986039901534028908952339304701861511202157053540237767950409926609505907666381091837418120201
207357442355658985042209352190632357811978015364741895807594140780506253230765606015493955704212186389110773973856253156671377889202030922490049
208686005341063533041468140588308244053076323774608929556699917861804209621640235604745376125811843536633888989536501509313902671854139126145799
208917492849994410746676813110291956112373739067864001389452368850588805630068500600077027267770719554357850728742964775092233476837133866440201
210134907505774754404316733974633160208592513159922621871855117306139612766480570441188849810475973198221168566496994502442980036572829788162049
215216160180028259437293719659123713397669153194648067898591398360278761101082810777931477353243772883625248694756521240721471776945382104849799
215568828961823104788209953219327141685347386984337595641574224017873475100342252466703443377235583235738382478011268179792159097424948717575201
217395550435907027394558427513033317372234877452843029712583357985547373185490776186533630105749582949812352656898607225125267927732223159222451
220179796444143675952194978248577122420808076905120733438796669506712099680917703543684764200945126607349355122685796211252176986674984402005001
221489147666533952972281532201047493756209082157594733492802720412024970853590077423529415972650019082600513710072354058310860602360048401795199
221906573442884728618053205973236699587637211311245877003300778383538102967804273328792700495316543417706722918189302620147870403605800956542051
222563322208218539241691149033414955847332183929629025730025481655644400599185454257811937128819917089180058728982944305394358085654544990124999
222802380539226424588034694991538933434067818459193437495223827660137583727623291112747007016552392710587897265646825161350583301665254081681801
222921957824362212648756054030576390016804946439460660368919055079856899362520236480000156910073971196738959818708367819774741848723750879692799
223280882158296958381118475387590630922493573242202396954388955008905742549923180340902066389260069356980720616811404716831401246111810282656201
223699992121762322591125661258921209381847577437829135153248917591964217137868319138661874149863517332736944790464431344280018914217541665544049
225801436593990203615985882962568905876358161062877407556815396647665288735652313251198744285659989953793118038105837711163734788756124478476801
226463919615452256255949498169823740369229327276558414389153251335271204789498371171337095753091460782717695279177078524564030207970986903111249
227248105205789934906741190065032525475315511404428227868595403547641749599854230965926590723822056596708830148867293841088846482424795599363199
229305460065339479589293184316157859960195151966329682180402022593959391438896041499893763237912635339319968763010656561782970699521789804176199
229366110851311270146583947410237052811097199608903181374387277950205355522659163521345939365998278350823483890946801186486706381086503555682451
229851605856876666930207568522723402354529445042401276872845647305009412616832301331677038088615466495534464622813571566792867467923067081128051
231250263106002662793363384284664035110257029008776394318537359171575431962032839875307568508161374211062964394614402269175643471319056036937799
232042685173324543613059223445673723496723563937164949440587492508027246870110977529868155694897782305756791500521532697048656313702380240336449
232469935374510419216871384462854269657719297502340395299863327380221543414422340308027825772196361211321421340932269974953378671631342625905799
233019834497331546786653481347506299622859826386243315297799196654144042105244701443089066696015765052413093409644158954754858686177715577000451
234121581588063540121975910545816805022597968131192343433061139109634364349349514774528954004695870090205740578616827247422679246922722694610049
234244158330251024006621467323325087142688797376692292085077091885153480389843472721752102426733684012562067879823575603650367994960419881786451
234489408053889682551011752998292586961609077298662223371301106271137160612187442495769629170119993208169009051696276776997837369142098760604449
235041689098487156804498359851730272500530486599073484428491669209959500801572137150218810101878760483894273714523476163878591366819013197212801
236148200032771843507229808987612089047830389177039194682262998995249506042801617520434577426437592390954106071726765270704959893825103285849799
236702429922459055956474651270056220056208882454593643878843765841717171094646403236201163819237657022288673766102854990650574423154278937878449
238863943735107262439068137843079540280075675910104793500651509375868790922167360514447362774784406159862047451197712364348304215698773287840201
239669293943518270713752765117498241410430356398801246897174929539992472819075402658076499768922342391355037054457975372058992683692982591064051
240973107398277007716674456667791861319246520144207874892543384567819348857884842884259964417791778800564122624212809865285222813345592396419199
243841438453194150568250181705467672641576085680262352476520452754446661857274011938457755123223874412363419881252429703340239872733344227984201
244216819701220018842571035574091897511568977178879900016840963459167137216562169206039977384536483575528184056879429412944610426296053894496801
245031136201031550997328532023939430061071887652951186087595856745708404283142564463055366664452898998672205714755574693768525537859102863728449
245846808070473394901399369163095972011143716613183784074222949457731399340487385190698910359661410113577429892515516132156067932752325270845001
247356224682199511556814898473569588947682239947196760775257916742140048368836432385868651148387717539567985290678280763725084151718493303041801
247608243234051087949846956585086224471218893847392415475660252519286914533222858356396014143291948414739748514515029019816348952708848995912201
247734300629608721533912571700820010022356531512975259816957474825333071686094098281445310590399404527772773411163005378308027292257169094579999
249123049244543888010816124612812233817120217315727295179453314560640659477510922807554629293416411490810351802393243461342510345626949278160199
251403919794015257861195367449985449922448131305532673132432702767761609615987868645703242956564427685402047985538966603920021464569705103400199
251848629401622368247582337228264892326275436139188450594393615446309289804643339409410203933809114999038499635340379828665078708947114674031251
251975761468957882153588707683450791839994346450603341070169386409246284535990514323004900923219179530391057890949472667118449687348945072560449
253121393663932868934133623579387921144543860717887865085032957599860959238455896738925622317569980575978380733319375126580166664559686226301251
255036555011379293407658810603005938043110337021564110707998773014278972223928100206400618600128863372281112971488146879208540979621325083781249
257023137922392234351657107145212021313076242783876825365283357562587687113261789050674603908627143701006265569569029171380600334309351817497799
257023137922392234351657107145212021313076242783876825365283357562587687113261789050674603908627143701006265569569029171380600334309351817497801
257280032596937476683047219334242726159369715853220868496752540976970592439688278252810948468605896354821881646005470112671186959351455736604999
258373266522802156871055381421893388489853970183612307290604189407911481179672158820512457600761980228090762691566010468926046802611379396730451
258888531540602566752022911639202477056433111597174247947154891705840829999984630044877338510149932916101055576146694085185962183658616303411251
259017427994439078201514104293488862180360081476373094763119324642777707322859459417277916986922488880515534271841202039994350927342329283802451
259726931916152715375348231106771638185276035171496538061485020937480494440917508664593010092564356400540291241188755704255869791319362515059201
259985173940389628558126752975115441133910208274421056943643728041099673746328752180726573242892647966875919290054059098035742709849449496679201
260049754496295459098633710967191170116639297681604277077140094157618103602130740951337303592831112806562802670907719209166563414087447180514451
260437406250441901198099010129559681275806421628901157346954481317883216984315767864251338016255594208749104452583287682512648426201431166340049
262444873081675740338617656701118785132053177911711246139926683049354178547913148575482211475171727681534442623311537988268645329953195369005001
263809148853848206797594232610587682383408255664041723447487513631658849393663438642290860365976722790079065455811575036951597879879045104622051
264394921162210070785592737206950949323369922942024810307531951131497142774954883387528046257852600177016056290441926814280325458542967095119999
266090801347337064195654248922362250065987468780478627505777786122711565680658322251955716961024024960686840015813334424277355508435362528641801
266613701346723608901156100655778894545830577050996597416235789326313133715217734588971503215726031486310534077490905271309893219247836789561799
267268048140434470596277206222181716986174123121419314670749109592905954818587404107025460278933649775047300925531902286791254443560563399200801
268644786897254892430596571665296771684180676184369192672188034300646159969946671578308381130471879824402034502998917021000105208250256463061251
269104485770181841038679599125934430476548268891607762860569898021947388174807534085234398925355187539823619346071425029688472467681477604147201
269235900484751594436599128918936963244135832881189165543894512139956825196499106639748826434090572185971929942615116377839932021812968451377801
269301619871944432482446290330432096575271942554851121133330832803329724725014399651952443925872099677907871062069362609527173283641999438051249
269761880140576243945274488490783546243614826942748222884499998061812733754452243123043969466734381940212794226987229973419409832026546855184201
270156701719867648789628110589496758018809247497312634827626493425513733667663284064014631388804623984023445433373530783226339763058726423667199
270881291146164814960257467205088685991004110496988904834605249597915516943282778934120011211395793256727622165451383692323260520195855729844051
272928536873057507808433923356367829059214391580746372933649103106838376934049096534792576385393551765818075712650811166810567041211881778125001
273325668194677491255167676333903494724135726478591600449386210509230132239805430585472755890920146231091604586058019038027702046794889453772799
275781024539189556809308438147120870731698404043359006199250254340571289662697895664576644916804729986645446472468896630504958667352547062106451
276047126103294549958519349811457745943986660675502966960431182964735400512186872679027316510838665209347811027169230997139001631229201908384451
277112815549897066223351958068151054509654639617012596434383015260664485794890165797779734877783490778747756838759961275569731861486281353032451
277179489309788171122265909669159632329948745147794055680557748537246412725186326449064715537729275000385373105351318411103550914535967008985799
277779914046046955619113369528052841132865525290964816329350756157529185627936974359021653599656388060977494140145549359253266934881704804310449
278648341071868626073380390420313902828158335327937708887618841892148670171958663404961053767003393024434139476459402776655840511703216409100801
278982712363654262808566524674845704208156169554449525766326975305740056295898361240252935184551911537771039241282901588617559507225441610380049
280389261232402902229854454272763054420450710860367429751771611637832823232295317908724317347573690026631037708738498084151869515336759932336199
280993150582154554630272110449889944057957862518459413759480537316151729223863905483245531784685331719417475244064089624416893147508739888408051
282068335636107894038223034541742229725836489315679062809720441326698364453697848053025966883617383910387029242296326710867355350919223773622449
285441521828469561264205838822034264514517644815370138643135106164655718983386327024633937722998732755131288787412680978687682976191105278882449
286999920215444961996137511682536135379900367286839994197362132568174744956076963343244229348390569396693112766583049351794294656334990896179999
287135633617126236681820062833347123997813021859749581418600941313747532291672275851940259026336387716119556798971206619792524765880522942856199
289379536259432387547229815094367210920167978678190655962036523297448215131755025199790187616768929998443424488600016222195243207246743490401251
290470632871649268438243863018107512272832015395789256734705088018975609732456542525347299401733632203935024637420724176138229257562932113862049
290743727822249124577994615398879039540126762678422353535179258649175618853818768121974010345677078924955546572823249367597615363829594284611251
291290302680503599957892808640225836389670742967568683064896035249357429661967434833512351830806697770573736721465117594084755088788056643970451
292111127360522220778731819701755387451372927710988517181392288499084627287750973696532163051607939547943887639019964542736383457288595227661249
292316513979146296187252520192045779426933389079912289427126555877039141959239459436483171918015777525213212686144684644071962820863013319456199
296301509210667502514522353020427110853487418161271062386142435935701239112921793155661484325283587563419575378333664213069041547469870460736801
298442483960456369411367522993921596314886754557260792975117618945245134772704918302081035602942425064303957031343302891379496354164813482750451
300035929479292494075247709536555840437584114806984690377637612741398192222558509097880882227307386989868473388573962439356233644680639476124999
303026360090047987384935596256983211635425511659979364785261427396940107561551202279761139770695168159173260373251775181715650556495761160226449
303514577864781969014073295263081446927337921744671338363238209207075801654922697766294951061310382856268431966068538434760577694755957124499999
304562082100516249234124838354045886760520559459134963285472809566437915227221643224400386371007711496268811423597092457123113457846360412911249
306802788797274002276449583131695321338930462924112826003612110656325174373105436654822388721831377250978245952434820587400947447099716374674449
308840522876938590185657861427823664708473659246998602196002540978139576393181762491205065513956795580016710218082873843719840015277957231644799
310602603645576875517062395154484776675920421913964544894645240807454139534180763765692503205463154610094867910204549989864570717530806174166049
310955621294702599927713127649510346436526158390920445823074460991726103045855900767910177614456184859199790507748913099669091096145654115577801
311662258088352116093384418389254833324854015288394960068633581578679080952681511519665713303134003800498926761957667199853706091539628151308801
313219682052782647727436973535253481455508195771293221553165506028375444494142102307617302198005191764256099225353590406427887505857383160896199
314141802567805129789117106350140684788723545836964240009447645926309537903062184997672050355769833747483459772448599296543388076143457881896049
314780987667515373957156137519273197928620107303316186986112486820871549736963532904941830365073860880749496656937426868983108003795279850580001
316845003086106184366363335572002865592035172733602076482131304819038748359022239020901205493957844783169384932403231653917424284831380801922049
320347803516812723406118657901215346696068849618476835915359880987901114265866115883378511142470581334414677170430660480699659244663013883376201
320921517847427997363983388968725976749904073441172748423251349042699300936421976634003684233212341132221679906568186678756708595593706501921799
321352140432812370545229039689187223815865666316589801741842331006107009434085060775471868698856045708706934951778546940421817182163721731459201
322286146496900663331656929318014971123300763107060016998849912019803948300477797592573509421489834527378686827085306750710664698575932753911251
322717683355290098876344715178010106187279259576692393148265927915193414141023393589968377930585011937359664282158109390850646127155650775868051
322861593134262371241306758544642441594431172687216541186199339103620201515442628175480820699823858641282847813488513244825367855419746452830451
323581623225442186941612835977558796523883845394687451286826939220481379094319070500899184042571498915370198317436554819159435887271647359968449
324086121475617191358360485275356967219079714218476840185635465608888717100423013948232719966576975472082181243768739373116572405178305329604999
328353935833340342559359920104552275014643364336732560229119846495363812658318850679047431060638327061252604660467361536211487421707654780306049
335798042879821796480323398309419290447011049868861082788738229525777546549086435513680142741840818734318752329932411539518258942814075163526049
335871437348293973840329536287001536182552218662383248457995229776049935350747025421689344703649183960074047363758213527349827483619295381299201
336532348461782410487006673535057756222692568170220366914528640159546865095777536642164274482339526057725277303662448146179288893764844233002049
337341010904852109604687807937787823521301469574802156531497139393043053857689766474369907177753412115829963005810331349592806166583678564903201
338592670698629087401783141484670271052013036187031202343925281616682491293297675129577702225176113119576918476131281744379579352472277325492049
338666369924769618882936657842097146120226506178625142290123959844282132542585768989562465534801635956497454313244564525036105507280731807404999
340215906279546827407819564657117032443427838548271035317494297696574475498739777230988670598668231536543723354713188790995923411804252638532049
340289781944337458643321563234453956072662114496643370897711842121574105007180636536854022057030003516770451235835013083287951343140895378631201
340659280567370228289705521271077243692256771027217591276539700290254062726080000415644816722977215106521948853268140120863205847456964709708451
341546895296390247029369983578556086398562228863841009034359484992122270452964931701098178065391314404526978975510882928626597621718949392248049
343399801870136701360618205508912650800582967008776522426804897801203516998739781820933833231353198341088086594756769041683038286777799423801799
344142367988897440229980421030339753751329491468397056690751316767790467678492174279281864662685388282920875447068521874915287775184655126540799
344588292617208646651994438822999757836731891868049513177887603487524430651767825272575603118727427651597695036292391418423004980653906566044999
347717849113537116714423021447498375048592894867099563091978752661079815338605908109615083853118936707455503995432652937912743179866565017651199
349961908144646765089368928403438732286398111510866942856476511501566851408392245011768261029931336184982587360432669789265110923155497884952199
350261661371288965931590358010619414864290995172199452724164829411655995685381395249625654082933517103720489036034830647833947264862967792561801
352213185120533221596752744355699257929599935477386871285382432962962498079882622881763680655044836979581163434873021207524369524415768587143201
352965214766890220017533551672301692789644233982394080464886220699185182659646980164615985518594026426018798284006546028478987026607267228960201
356359272849564824093149309466952881217263912323711276186214489115936602845929644268234440770979393245961457580587867752271740716179600640110451
356434880821101889280436406203406645263793374029544223445889992569954298898779473406381930416933429542285343711975372340621422453429364460583201
358176077669519276415320589900714736644959286176012792008845075216106615365514782813912479958021935428303315831449680473182215606618475934156049
359086212386242936528191328276712504776102158859624161599618327295209688169716321919033637739135470835571403207146267129695106857751034661552449
363043474669943917831049728539232566929476778916451475356941511417091812589295796008435867495041938257740852800174494551621042710063573766111251
363272439908172233138867598417502175695999490873033573239742443356681121893017482243338201692566707204110387364804307571519132209677695451880201
364800719415581741713720863238359166065307814677173210450430742290397606627153089834469002746186559405381110376971146537938156537475626359256199
366102279267582386399736940979801711171994593247364876029467315433251905355874935047359500586197540847815652111889609905274568521472740685051249
367329394039148896097580918434197630475243585735944838300316366877679339739799268833588203396925218983898937096385955920040742295337695619328049
368174226405489044856700907918487652783117708280097732891152436578173121628028415071314406583270179419772991820284849008732123756435122879400201
370329087679034626510564121699902551126677295319805283493930656896720638684312147924199338748966080176778806391512198023264002474882700858205001
374967820188929986290660303334997446328230268075443225153576501267321052046109143257480485523807193281391454325167213022092527197795816080845001
375976684360292420308394240265661251297856401255438206225679404396085736863952456067737116260265959537335776144825175996280173901212990826478449
376598197525207445898847790908803218791873602459917663222318260473789833741348410338739806008646123612638441712367584437409522711598320662740049
378465816676390627473381950676659059793561091864397121642382311425156464896929997298027232031728419067163608637689352509344509242155414314411251
379167364818972493905684515573997827956084340599331089079533677364368872329554259167453986794353961579927342531742670739859766182679595176544799
379401358558728652212434128719703820711700022324097462531872295929857847019129760609953083230861831110523350350615916841369656313347082220620451
381275906936897569594108681124027023382568254758419367669768182997296744352347226898369062004313183829437150277000406097535258067556660193786051
381432327820149642721963100084280984025740953895047933392675742728631790103053465828141391683940606149617587838027389867481923949637741451224449
384331900546042403440107574561029257596095501459749692445766141459425205990151625538149688453102635295474662705761257822632266939278100544804999
385274660373157236311597661600394186919631039242202581999664288585035198714055429817917782100537148655905897128128156721564304868441106285904201
386533469942232574608768990558631556820799356330247069072447849671496887651240174609604865084249218353174225654522505190126070498642424690720199
388662366664428249230668059478283627150501703139497534896313373895387041570838537869835063998417546316825642840401984026478994602998662402351251
388899271641911053484167629252505421162960683151107436309963284717975822536434669169363864889073526711973819385416165069974664046381255706499201
389373298135219966235139906070838614240040541394009815597195351241780642785678052997456733943834520541782317256727737193973209658885582449841799
389768540761290018220552406194337169172216430709068126212412322758367978317321829661551526675388993495755472204498057520183041556632756725360049
392540853100829010665891614055964962457200572721061616146804138746297135284598075951870153256060049642400940057343893355690557730396239414457799
393096494499717021149924314097689481953745513652843230415535835171964706409664985234681444838750107420185044103788315168720186471950921131976049
393731994437621772721457546173700753557775696158300959490761175261740599830807436670036213286949294492124024432735105259500221567116265617180051
393811468019583750708561389728183763350306452008096938368486383586067129561458763304294770555215698382701754437400655693682260408301790367005001
395163745963549433871841174683769358452246724699496512562764312745172598784821003051223425331955751746425318277319869951151092154310838545960451
396837406908671819580881323205508407453585047662743734122407020468356682054945502469643393031773619642377690278797447652686409846414799011079199
396917193268240792587057476149831957877016323163192323442256582506255918245004004212508447472799737923361851634205412584767747291445748400416051
399234486369049800363510900883436334885798339548865145572357826872106262880857507890052110112569367041820419083932557322464863778696093978048199
401478272722245658209009153499515707983844128804884095720644610680247862550135025466753469241334836025147023835464828201289637867350554082697801
404694588914791362023341402259782749428572351823419780580921874557124746669455680737256704204305582912204175162077911215000204179378693309681801
405178143095205661509131718953258564800775731732355524105172715740528932912948398642901333290824030480547043409850724967315845724405185995079201
406226834281858794622073051523617876771734700428782901474443325064218240228638675282385270692019762448243623890709467340680847984139764838561251
409218989179422080985621105393166177088643064586657351396342423012532768100260667139916730598057251154404378578198026674023577712025817227664199
410678601972188221527215062629030632027944997393677742312961068212672003976851831656974998493505959492601634281222482793935047010989754199120001
422613698218922413655195656324314606701625322237280371536972882499932346224314364369789089857768577089068164669553832916560628382178194700153801
422778379638974611645729015580357204519863027532170187398036450564085024108081894629425319228229482027674866109162532913078513801715362590855201
424839604118918389577060222154509740399858071464325091410484112348834226630815038237819027277103706754160443870311408332142165617669212912706451
425087287893934560641667069363236319231042651744578798829650212685313199428289204049325576890555998449468716194756488995552125408955670716956799
425417645206430427965425233114814515847817150454382115034429140108054852656503487990834077924354848952589746958385668417806178988461613044499999
425996079270935870352111863564918944908958933620900110752325278943302725259395824418764983993791273333837386871751680052112900861521341569526451
426574906312434716737120113504823027583283420963879078564172528854577844439492047521611745485412979897903363610409443235062331236848398487785801
426988594797378833949873936618917568440361751214860569099543693735709407064379484436858935584848045106614777704527285232256439771633436119134051
429640948904696595683057562466702118476768388748997118314063184832260182837224405419954960587226075753152632000202227418308600380834379180046049
430056121078289279011923622430040249506067132727433299408229360918800737641351006311925278301034145121484297373482804854255792036424636255232799
430139179572823738371471627452695609606611536880863044122610623344845210637515339960212149318623429332874202090503721456668253337069258796386451
430388403176058961837665228580637157697614060056637295256850465040451353696686367844858377321046622642491059526296073494351683178056268672079999
430720813592846899030205730891168646660812482627134669748394380942029233940496467883886449540140008631356870438388281415637030157162947094880799
431219669816188031756764414656843219052456670060305816441190526881759674659601752641356632617056790991891303230174604449795280321088675990244999
432384790462060400494891684842844803051577024099022221849956137148827597986668045670451408621820565593571656388033410239905602614822029298188801
432884609078038440972442089808028731230607425841893708364673371438012520119333869223633890691844161463048954874411777882984771559810603238204999
433051279442873581648358339543057331009443307376830893191040522091037792924459846327742204648059147653470912082844036737939222460210984221187199
433217981887463285915974313318069575981192062722091422678138375689044881776704508058374261904044360960857631481096030413191037319980126705657801
434719747477725985951005659092443814408010182293986697794900690595290403567247271827631225697571500990752404607252040403838749229496676632871201
435555184485948322791068970366523750841526387639690024874232135284234810655591658072216109963711194545571732987696097997939661090468079144528199
438485529716406208847173730197583675713555137757060149733249333988835269741288045775125167037463585639876938440010592323336382104592908540856451
438569398224743398897139767229826076935149605621154347131080845775670597927199166243136556374251104554627088449979813138257283379298758994592201
438737159301233701690846634324298613273023196707085250422291896558077616334360420649052142522653812721850960112283055883322108898237031028179999
439576445880003669534876830396415972856084259291589936789307694644839949076946962076486222761220760312441751271095291913106695883459813718444999
440248452578601788460696019973815473994964837945013889776072986123922504119152518495860866347938406490280103614900307502286916740275746897448199
440332489505650437367085608215972012479351893313305646642740688371912366552436733253121908008519617769095255121423136123768978801667595233998051
443784908681814855642424325750869718113717251085367616398400289446832630459386404160060361367890667127181528247557029673541115572859290227920001
445051357242445649213092441730212599577263644256658550807682489307089265616707925642713817609388069051683853224775732225412674027746941174661249
447589667822289842453757105436138488808403886091304831124553010993283993882628999333902411928608698888492122711293388254335959081000746444311251
450645168205208261077372741758392178180895697958913731741816411676317033795983621840880485143430908431196416471575817117360997077427478709946051
451665978075176312554291418077965861861453216258064180853514823942685469159647122452916027131827997366894058725357533799779548150787217572322451
452091656368388572164817101135947793569718133117395738336986214510770779395142938531412275520385447541185341264601264883113436499646866384960201
454735336912066202792187839673154274572306514185357974906441896857863041428273503618151205847388321438375618487765405031265816594518918480946051
456530596166861882839031961752900427309893015179243132965814117534620851301772079874820151326252076189259071000947819069959222273913350337844999
457643719540555989880869028630411109246359031910108261412701591854287689255340428887242506315948972580680509734743948010579736925805404920778449
457986491718067967192420395855659995520415695215045961320262558984992152718485663293439664360825717349164507958610502887913642781022048324332449
458672421030146684915919818785961510383483507548801497064152928586182872210200347624118900047821932289709650684180430486149822003880473149301251
458929776851163778877993464049757114877899541641543619693625966834679383213957928332534054541997699749893723239275559469215015544848523652304199
459616411917842895618886815859698823985050577802412737973591801225470055742283674446735642823938911263663634140879653113993201873819701510017799
460217638647965769908227376718183162610789203203667115140652382470298229823001438019786163380121702248374809921167254569577016878384476842552451
461421271039191730481873356904550800701814566535558785756626878188036317716048625190634770759043130766252171957617712126672772394316012687320449
462195864782914895214447560844649673126951481376748545677588849850843864437917781654625019098475818607779412071207216174285764817510132438540801
462540337187418742886084302189031754625390456628823512603877073065584578398353301266580572031174600575395806355519716527379960519271135420980001
462626475338391307048805815050117053245570746573294344748405818209883391917911359061146799826705688015402881295235175878339361919316862105020049
463919509995616677240620229165905888335661310050057166738258083723820076124842764775352515752778813124451871085559110751651301701065607410272799
464782535592763702942446214825920690674248992273836902045994061097126283735255929830356637821313827268966682710975113801485218619171901201953799
465041599660711308162530165218845401691275556766297127859377031165904499248083466901161123028254188707524341873971121965385042996526501659214049
465214349139036249465544120530774765527101025357508125894212389892983912982200180731518792290927213562768734053243129266689964197307187174248051
466510992768650023723577489144723684819889892495647222216268736717374902489983606929645629441150889330353470198287231423455349408041601396945799
466770538032916082819157300137403073730609564142957617940612250960880358709591413398306264144644657523382562208579261891815633175927624376532049
466857069160882050980200432488288025963972558263889422179092107181206418806353357867788347362361027146207973973586472791417743078240679453805001
468242657919992703674681167461891198256818173749792008459613706835805125956579746681308951038010663088216476667572831075161876133787451740777801
468502684380577216645756839054325265061230952551952574094917765254037822882967822547825735238057838035717001525160883847982619292204897242690051
469196441152769450743988927740636206995039974604604207057099653430791657871641555750298336068989469515664118566746107598775604601041128430828449
470672378530639139011779955823178109477880567639916612203054759758552534725753359589626475635012501999304733614288120397508158723783574472193801
471367739290559552694998246508671311057333280208735478201771795184397172070361324118286241454455489327489960146860085163169342001057880734752201
471976601002268561808873128883263205596335872466945884622739677334897565365326028803987667355952334149814537104244573849525779335387893421526051
472237662034937750612264900765169829872188831652034315566608905728793829811291683875895172973589333619428642583519074576936510183447897346439199
476861641867703178659450489512785891982933960885224131372722733275881588504383586586569869766597251309871278473823539091514784091651817072101251
477561557952771622364029593875956710956014754519957939195199586889144104539844768081601184153412489247052735960797848339401649599290256546012451
478875284051690509202166013781196695474908925655278067356355251916352139138327757903621328431282104798373338184850742304513343173890170311283199
480541927550502109226891528556513358526556102610293644381156690424763962101239995269972449306362790858283981163261328066000294754077552325814451
481332400772734251850829132288516601443565553561539011363816619853570452146858041863215631032057901597368505237619568160808447064808615313792799
482739290488875129433926629811260181830559379102142452369524974976095014583891022688501785755138343203979101971909847122002249141213024589063199
482827289265612381915232136991396901639686350045367274836434490929339158836332788821445124937342603427942383921169926050208760184646918359430451
483091333715455984746698244591782528856436573590526759228259093206544315664336114160060757433610724775279373053679765065274339254001741922764801
483531568197301474090973710792343466848917981884075956518286945060128657279935079523705528092908729272331499223628170858537124166436922035764051
484148233309308076885806465892957054563977128503439951661998318577455804036519819611307511663513320296334478854663154582227344617218169959591199
484677116182920731443306851083323527522071202399261700798732421020166064858713914795001423325362684135886321317721269414718260750304664248097801
485470981839197973889490272043597249589617058792200765653664186880799601887132860643130459001759312493994446965516466755972651764282256018474449
486353816684788017465895852393512958551904318890645828962609232780377218593333782576546068678409571364249910804618721339428813592598776979242449
487502700964881888355000292842792119287996415679459417959047815018523495072455819006311267086967146392140000639964241206535801950817715346369801
490957486022945371518193658326483657899686216962868056443596758285852692454408481119375788804392445626377485265303577753238530725455571075061249
491490074108210120917012170134961150639217215951036113894727050873962706718810650666562051589703041475359360652541064330074984165634018785478049
492378362512075975082370837282096542396693023804449769527891597420449051435187959109014022227291910229624396760998238364083019086639994999274049
494335420018982450315735620524355181239472696390414142065155458981118821957662284816497768009767407781906548903740685425068724337304154800604449
494513526816319511432603490513553292291748091305623698442018209520161515560599331276320568334068361170266226782908407716033426752668011064201249
494513526816319511432603490513553292291748091305623698442018209520161515560599331276320568334068361170266226782908407716033426752668011064201251
494602592244896003337924822023146214765228116442099730878223598394051043379737361241178372233632673033307851543674669419127289445113224759057799
499782109217347110196119007682539949495551346723520290805694337795615471044760448198462194885077410371399114363509417580768759226923351322400799
499782109217347110196119007682539949495551346723520290805694337795615471044760448198462194885077410371399114363509417580768759226923351322400801
