prime found
3536910626431011880051
6048326455849481854051
6780822739429868929799
11071158114686421802051
14147642505724047520201
20112255100592913708451
22791098651972615014051
25637369925313547651249
30220703814002255353799
44284632458745687208199
46230979726545001438049
72851987518380783162449
80449020402371654833799
93947880485495930944049
99640423032177796218449
99640423032177796218451
105500393300820892824449
114604275682462846480199
117722617003990780031249
124084870438517570632049
127328782551516427681801
144176197073865330424049
144176197073865330424051
188879398837514095961249
192876735699338494003201
209284652451539164499999
213491273965815101706451
222030087785837899618049
286489760740911962284051
301369899530216396880001
332260314232063577560199
353691062643101188005001
375791521941983723776201
387092893174366838659199
392806364186293857850051
464632856907662099106451
496339481754070282528199
633630213762279974440199
670568954919976636974449
739695675624720023008799
795804890946977673011249
922945317311287715444999
958439994367068757744199
985500499929052771714051
1012937717865449556180001
1078422885617536160752051
1087945337304081192736801
1107115811468642180204999
1339610131877057038048051
1360873452566133417161249
1436613568288345440793799
1458630313726247360899199
1582715184164764931531251
1652532544222598396808451
1664315270155620051769799
1676139853019132014564051
1688006292813134285191199
1833668410919405543683201
2024222086976531952960451
2076626963950397359751251
2089832825520089481031199
2116370119450944647089799
2129701551812107691868449
2183445850561662949312049
2279109865197261501405001
2292943580724308240178451
2390951583467364030913799
2433582867171742558722451
2462213007627113116426051
2549107995324992177526449
2593120557735550863820801
2667311967029621497636049
2667311967029621497636051
2727418519213703545680451
2803493490379838031976199
3022070381400225535379999
3022070381400225535380001
3037996943451787665798449
3199564695144375900792449
3265363789875139814111249
3281918205884056562023199
3466779339394501106026051
3500934594674592297672451
3552481404573406393888801
3569747388400658374960051
3621796481465356165171201
4033354750511307932160451
4051750871461798224719999
4070188849342778825112449
4181695712168958891958051
4200426688563371647180801
4332715517377989553061251
4801847994313359744204449
4842030647584055263788451
4862184759615138485329801
4983988427341934279068801
5045455329766951331682451
5169519271740223748398049
5190343094659151895265801
5295090063211147247098051
5337281849145377542661251
5637312326899904088888451
5659057002289619008079999
5724542170041705612652049
6102740465486882036820001
6307860353354635571946449
6353902976893974188136451
6423280839181659421168199
6493035413843757424696049
6967693005603848249782051
6991865382962001023281801
7162244018522799057101249
7162244018522799057101251
7285198751838078316244999
7285198751838078316245001
7359473874993129565726051
7711072091111715362086049
7711072091111715362086051
7736500176384577370572799
7787481917721772311044999
7993083160290164386249801
8122944287136344437822051
8149042083297051371635201
8385805810615477628434049
8733783402246651797248199
8842276566077529700125001
8869504499361474945426449
9006272019738555789427201
9033751094605442881726049
9366764833586332000278449
9563806333869456123655199
9620480617753332929401801
9677322329359170966480001
9705805970557825446768451
9848852030508452465704199
9848852030508452465704201
10050874505519923221196051
10138083420196479591043201
10372482230942203455283199
10490686202646832775392801
10699154644953810937151249
10759093769415931753864051
10909674076854814182721801
11152779129142522076205001
11491422625274357598282451
11522459539232920856377801
11772261700399078003124999
11866628150189477012398051
11961371312354288792167201
12056491186893513342432451
12151987773807150663193801
12215861449735360416199201
12247861073095200754451251
12311985890606352354454049
12440737808794539248454449
12602619487465804792195199
12700250777834447812434449
12962442590425736077720051
13127672823536226248092799
13327330381974994611025799
13595884448000809666912201
13731166047345484582844999
13799057988600763887808801
14487185925861424660684799
14522031820494605931574049
14522031820494605931574051
14556919572058277510296199
14802305827057707180672451
14872792898003385571276051
14908099218871960228327201
14978837431400580465928201
15049743071651161934860801
15120816139623704635124999
15192056635318208566720799
15227739668561195994268049
15263464558734673729648201
15335039909873100123907199
15623015591646418014259199
15768007998864844347424801
15877191802048812329544449
15913670116971115605916801
15950190288823909190122051
16023356203320967282031251
16317694138528811962984051
16428761503584843797584199
16428761503584843797584201
16540205581015288402680449
16577437320686417220045001
16614710917288036345242451
16876798087553098840945801
17560154334737864520871199
17560154334737864520871201
17906918075384819762531249
17984437110652869869062049
18023259413682630384076801
18178967195106575522464799
18335344687418365586179201
18374543702822538871690051
18413784575157202465033799
18571166633800759916737799
18729218403332162293768199
19047331075058501823808199
19207391977253438976817799
19327877151669790073820449
19368122590336221055153799
19651012655054966543808451
19691592949165319987804999
19772879108177497799296801
20305320192479458587701249
20429195778265524619168801
20636492226518774161606049
20761372378636607581063199
21180360252844588988392201
21391423824841966235790451
21433762110032912608768801
21773975241058134674579999
21859447093119343269361799
21987968798189833470281249
22116867215634736441696799
22549249307599616355553799
22636228009158476032319999
23117603638262261264586451
23161616200672819950880801
23293905029487437856761249
24050657404286958321676801
24185457648930994697531251
24230474777673320771815199
24410961861947528147279999
24501456545667573682009799
24956441380097219825632801
25002170076657881133076051
25047940630149032748352199
25047940630149032748352201
25093753040570674671461249
25415611907575896752545799
25461759173441461138318051
25693123356726637684672801
25785962028554140458045001
26534698801164766972960201
26770876531456328920098449
26865640622086385853784051
26913085452797149782376201
27294150947980912293097799
27581708060449327105120799
27774249940704743136460801
27870772022415392999128199
28209917801713112215200449
28307193308172587618860049
28355893846798060782439201
28747005005299497173056801
28796082256299383107132051
29140795007352313264980001
29289156897475209378694051
29437895499972518262904199
29636799633662461084844999
29986493359443737874808049
30086782564898515442436449
30590740008001821750552449
31252142295144420972121801
31765726832260498081804801
32231531683221888800232451
32387553391624511247367201
32439644341619699345411251
32648426710905354815916449
33068000582140200532906051
33331594601902914110593799
33702384220651306048338449
33861921911215114353436801
33968489656243438096000201
34075224828993723069895199
34450116426930165175264049
34611412108574566409344199
34935133608986607188992799
34989233691645330063016051
35641699524128248562261249
35860527556731577912662449
35970192714616184434860449
36190025313551281173251251
36355339260522751959289799
36465757843156184022479999
36853541375683640940382049
36909106450909524588556801
37299233971544438745101249
37747605410956616251126051
38029197910830162196960799
38142127909293012730125001
38368490189384597490448201
39338001341866352669994449
39452856759131757363472051
39510347253160195171960201
40261532656204504695100051
40727316578700650259611249
40844181128629589729068051
42081367351596863500009801
42200157320328357129780001
42438239540957228083315201
42796618579815243748604999
42916413114878504766364801
43337012480910363025260451
43638696307419256730887201
43699158643512506395511249
44002098177936109336125001
44611116516570088304820001
44672248563551182894770451
44733422467462767792553801
45162811788897590696358451
45409097967902561985142051
45532492198987989476531249
46463285690766209910644999
47089046801596312012500001
47214701306928216126865799
47592669389255695857952801
48098970820466459404711199
48162446855555011233304051
48289524496523585813988449
48480454884955124993761799
48863445798941441664796799
48863445798941441664796801
49247943562425409417816199
49505112543357860743153799
49505112543357860743153801
49633948175407028252819999
49698428776827347469402451
49762951235178156993817801
50086191380889559233388051
50475460834449422079358049
50670660629790972658087201
51258520290062101017251249
52047607143665384283082051
52113636451513844889481801
52444410844713502538974049
52510691294144904992371199
52577013600506797753601249
52709783784022054199560049
52909252986273616177245001
53509920867274778733276449
53710896919023991792945799
53912249683147617623111249
54113979159645656223772801
54316085348518107594930451
54383537792003238667648801
54451032092418860048200051
54586146264041573732801249
55332266978496556008160199
55400347275939041698372049
55946496504976578302051249
56220575685827113991880451
56839702473174502302220799
57046831493705790613326451
57185126792045767693228051
57392883666534410621827199
57531597534179290780057801
57670478829546132169620001
57809527552634934790513799
58998201593163941783124449
59561763305285446445290049
59632396875487840913308801
60057077292242504185912201
60198972286604647739443199
60483264558494818540500001
60910958674244783977072201
60982387526126494293916049
61268521502958238639620449
61411839632957052659470049
61483561483352195131144201
61842798589285262107008449
61842798589285262107008451
62203082118480586778695199
62347488528672148802200201
62709237050434634248038449
63290211245640106968690451
63508767208195249318177799
63654680467884462423667199
65196878143334609372951249
65492722928040105135888451
65937745813013058015281251
66086421630114631437742051
66309749282745668880180001
66533453647751119093114049
66608105483280583113091201
67432038231517047649811249
68034443175133557980908049
68185462980342588642011249
68639526962301448013310451
68867124021842496854704201
69095097793757958466594051
69704869557140762976281249
69934224607762404746656799
69934224607762404746656801
70163956370758459287528449
70163956370758459287528451
71009529152058412973857801
71163813797845687645927199
71318265871354923549328201
71937748442611479476248201
72170745046185778028086051
72793911027325481044301249
73106498584227099940398449
73106498584227099940398451
73184750115778730434005001
73576635627494237519531251
75631308631402468420926451
75710899584729788765185801
76349134060846002601245001
76589162628742672869010049
76829567909013755907271199
77150694279735397601280001
77472490361344884220615201
78360882782536422820001251
78522952817394894748990049
78604050620219866175233799
78604050620219866175233801
78847595170277722300962451
79417330779646547368480799
80562954967166272754953799
80809513216219431044651251
80974094666907321443614049
81386280789910627828096801
82296773670401048963254051
83045489514546430324252799
83881372416437877747265799
84721441011378355953568799
85058640443408275855411199
85481081514381707658954449
85650350941284512535202049
86159163788324694551934449
86159163788324694551934451
86499209491627955386414049
86499209491627955386414051
87010533754497555873120449
87181310030898011831352449
87694643426431147094038049
88467468862538945766787199
88639668274576072191337801
89070899300952468639790051
89243684710016459374001249
90110123171165831515031251
90544912036633904129280001
91417629037356822445244999
91680260347718258942776051
91943268370454108210803199
92558418749404917277018049
92999067585141632987872799
92999067585141632987872801
93087322923080447053542451
93529227466731871999384199
93706282282705874132551201
93883504526401837497049799
93972178433645554641048451
94149651818924459852544449
94238451296959647920041801
94327292631925326295372051
94505100872648153969531251
95575466299146305872450049
95664935488069338865273801
96112909286641858446886051
96472041750248699653168051
96831843924743385784776449
96921899110693283087260801
97102135053384548615728199
98640900460534490322714449
99095780652637910696755199
99825765520388879302531201
100100200485148582608940049
100558429231691227609612799
100558429231691227609612801
100742013728821717764712199
101109685006248581768905801
101385877962088878004296451
102124234215937908176652449
102494416909194190650820049
102865269313338318050314049
102958087056700575669769801
104168526701084542735488449
104448863493043379446336201
104542392804223972298951249
104635963972335055459399199
105104447666847825879132449
105104447666847825879132451
105479988047206867755911249
105856198138453754558016451
106138795204659067891840801
106705119474192932870977799
106894229086148143660019999
107272950593224448932099199
107462562488345543415136199
107652341811188599129504801
108508420682041620081892049
108508420682041620081892051
108985485047304903607369801
109272225949628757416651251
109655133149754093472020451
110230749657856806790061251
110422956682668300358738049
110615331135201755158746449
110615331135201755158746451
110904206740980614667505801
111096999762818972545843199
111289960212379291655512199
111289960212379291655512201
111676383394665813568844999
111869846127392016372508801
111966640279150853236090049
112936883927916188802712049
113131434940835139610031249
113131434940835139610031251
114008986417029688480696201
114400097575531124871313801
115479106458175525341726451
116563180029409253059919999
116563180029409253059920001
116958644308681681465159201
117453916438708248897948449
117751581999890073051616801
117950234991997074026560201
118049624273446309975781251
119545486326843686154044999
119545486326843686154045001
119745646168448338210972799
119845788874646399701186049
119945973437774951499232201
120547959812086558752000001
120648437373728542704876451
121151453035895817086752199
122565463861719396297779999
122666778561971186407314449
122768135119153466824681799
123072455932283249923781249
123580494426109361245605001
123682227695666054433468451
124089579343197730263251249
124395532576616635367833801
124701862522409953242912451
125008569180577683888487199
125418097388494855725580801
125520584082800374454436449
126856720089446735942353799
126959792780779118980870049
127166063734235355981401249
127475784091398388790944799
128718432643794647734079999
129342017194239253828624199
129446094451903404255130051
129862822051864909039482451
129967108594181511005152799
131851423890994189026644999
132693250477015260161929801
132904125692825431024079999
133432046228634438566531249
133537755906587710998520201
133749300833285726785996799
133961013187705703804805001
134384940179711541536416201
134597154817297402249219199
134597154817297402249219201
134809536882605224193353801
135022086375635007368820001
136728509717863877100487201
136835516960662349075296051
137371181028612063566833801
137478439412993477388640051
138661044198601389745480201
139416247866972768820578449
140390237711016986938245001
140715654417113885185126051
141367617966430919990376449
142021088365245605877611249
142676065613557942846830449
142676065613557942846830451
142785374987533381752448801
142894726218439310965900051
144100352315816892630835201
144320101200891008753560201
144870205909859879447448449
145421357042091007837159199
145642110493496891347873799
146637572942882637383818051
147414165502734563761528199
148638669075763274259101251
149196935886177754980404999
149756249119854493397531249
150092339343226420141801799
150428806278972759656568449
151440467360458254823844999
152003966287184024024261251
152116791643320648787843199
152229658856387763859258049
152681546277961127223246449
153020901341911297978483201
153247347335863863354472199
153247347335863863354472201
153700741606934877800445001
153927689884053326870428799
153927689884053326870428801
154382088721456108704391201
154609539281740441468369801
155064942685474990690321799
155406934736046050839031249
156092048974311409447938449
156320755242510451446904051
157007878613439344831790451
157926387096118659916948051
159655810821651953802793801
159771440592131429191180051
160466098210548577985988451
160813992088318771539136801
160930040428103150005852051
161046130624818018780400201
161394652356545566951042049
161627209462349717270634451
162325885346093935617401251
163259797179193683985066049
163610704755959179702183201
164079167522006704967999999
164430954094312497149608049
164548299998942075159143201
164783117378992702101712199
165253254422259839680845001
165488574085476350317408799
165841867507279793581001251
166195537641457649615089799
166549584488009918419674451
167377158789199039737856799
168088140610507408587496199
168325469406387454000039201
168562965629989460643913801
169395520905906928594211249
169633770554257760779078051
169752958163828912333260799
169991458953762686365125001
170468962816796118122848199
170468962816796118122848201
170827530211841340173386051
170947136390717394805897799
171066784426523939746242449
171425979675526516414273799
172025475562473950350984051
172145500310654908061824801
172986845541975340657031249
173348049923641452101041801
174433923342886263056050049
175159722517588200878536049
175523187173500788945523201
176129798738631575213826451
176494267960875930668803199
176980812920895268918432801
178444466066280353219279999
179914146609656041848064801
180036892058318869568044049
180159679363912187595856201
180282508526435995931501251
180528292422275083526290051
182129968795951957906125001
182500590986978388612538049
182747881732315127289311249
183366841091940554368320001
184235142186496745207914049
184607899080978181613805001
184732235092999641031434449
184856612961951590756896799
184856612961951590756896801
185229997710390381780281249
185354543007064292737075201
185479130160668694001702051
185603759171203585574161801
185853142763064839642579999
186352412229953231473411201
186602298104980369235824201
186727303827889673578780051
188481778926321416702616451
189488019535308417005532451
189613987967618998428645001
190244457983129260161701249
190370677557022783431811199
190749587420286295089138451
192395883281865837618844801
192649787422220044933216199
193158097986094343255953801
193794427971873248085616051
194431804380914410611100799
195070227213217830832408049
196093880305288799193810451
196222025297984876624233801
196606711417656050762501251
196863378115422618393844049
197120212240911147256518451
197248692089051147149604999
197634382775054088675862049
197891719183708501232531251
198020450173431442972615201
198149223020084875020532051
200085838551545192679232799
200733469908556480623778051
201122551005929137084499999
201252328418914336520406449
202161942303864461191072801
202943243768396547199984201
204118021308002771992072051
204772140489240057650716801
204903089896278985705944449
205296189258978711718624801
206214886097845233189030451
206740776572525460801586049
207662696395039735975125001
208851035580124820505072451
209115571380823566009000451
210175388860838160338028451
211237885184404134368362049
212303060351521488100001249
212970155181210769186845001
214307484110376104448000001
214441447216410334667196451
215514658914181827502752449
215783380407929603789970449
216321325678591040058401249
216994699047853867320180001
218209408099147845784854449
218750367068804584217254051
219156525793817286273799199
219563061231204401100840449
219563061231204401100840451
220105694478080751846556051
220920900056309987200116449
221192970104496988113966451
223649134785668251748538449
224196790864203439434202049
224607972420874978430695201
224882302743308455967521799
225431465671341294735169801
226394112287222639430120451
227358809892698009208883199
227634814492351099059025799
227634814492351099059025801
227772879577573379445846451
227910986519726150140500001
228187325974823162453305801
228463832857642135997443199
228740507168183070772912201
229432925440818988098660449
230126390136717163120231199
230265208646688269048044051
231516458798300286250840199
233749274898375267289057799
234589343493315745495360801
235009942859347603754256449
236274001231689655153919999
237682486942688513731004999
237964686368054169140416799
238105848866132732306872049
238247053221141785781160199
238670917427751888051022049
240086518816934098959700051
240228309168970016743648801
240370141377936424835430449
240370141377936424835430451
242645149263945636169211249
244358437142774916385474049
245790781304153250427312049
245790781304153250427312051
245934245933408780524576799
246364890962758312663368449
246652196933643785628394049
247083469816950672384679199
247947145720687684208737801
249823612843033429511561249
250112927946582437252566051
251271862637998080529901249
251997557170373792582804999
252288127981837509558796801
252433476172965103508542051
252578866221023187766120199
252724298126011762331531249
252869771887930827204775199
253015287506780382385852051
253160844982560427874761801
253452085504911989776079999
253597768551483506188488451
253743493454985512908729801
254472745826452901127430049
254618721871537849694668799
254910799532499217752644999
255056901148375637243382449
256373699253135476512500001
257840784666820766055644999
257987723421306991703040449
258575897008556797370951251
259754253315719943482752051
259901736210302543131975199
260049260961815633089031251
260344436035633283926642049
261230965823418003827464051
264494466979886324943011251
265090007386902424789512449
266283097333598159258494051
266731196702962149763604999
267030138900523928306176799
268227581967990654789779999
269577907474073230633050449
269728152926068190599244999
270179140423636012344826051
270781043084086638981928051
271082245555894894147476451
273346600853094322137784201
274103478798685313526198449
274558107849205792053241801
275164865913593294398960199
278056112458746062802611251
278361333195881387520118051
278514006349844785340620801
278666721360738673468956449
280502566332043575019950451
280655825483033837150113801
280962469355805832333939201
281115854077587565387601251
281576259384515706395584799
281883405540453585273404999
282190719124113425382556799
282959735579546606042512049
283575702168641976111468451
285118548626514722832162449
285273063485419694197312801
288216798621407308623420449
288372150618922086145228799
289149538460453328371764049
289305141599551047740569799
289772202158427147693984451
290551473561830453773000199
292425994336908399761593799
293052174017043404941777799
293522248274914807059161249
294149599949103540858666449
294777621334180119583498049
295091883168301350792911249
295563589846461874915777801
297612005239261804796154451
298085721050085863695000199
299350804917224927636569799
299350804917224927636569801
300142842684427777604620049
301412279672337833560811251
302048002732624628926896449
302843598338919155060743199
304597592082650259644501249
304757297200936029180931199
304917044176152289025194051
305396536243384010404979999
306837272719325651167314451
308763528660489617637372451
308924322058968135177457801
311987349446853126927330449
311987349446853126927330451
312472366628909568941059201
312795920701599648489376199
313767587486001654522316801
313929678449325371605222049
315552890213739509365084051
316528826405051526796980451
317017359569269154668672801
317180287671202677908236051
317995556034827648723545801
318321956378791069204499999
318485219336168514906726449
319302161977013098035352201
319465676075973485584576051
319956469514437590079244999
319956469514437590079245001
320939186528489037380071199
322416087392374304110031249
322580396773014007508080201
323073576056516059549224449
323731734431545659913744049
323896378667629285774456201
324555374181268692295633799
325215039405795943742137799
325380060354253982373346051
325545123159642511312387199
325710227821961530559261249
325710227821961530559261251
325875374341211040113968201
326040562717391039976508051
326536378987513981411125001
329353120196394001872214051
330516470793976372625920199
330682831164210101107781251
330849233391374319897475199
331182163416494228400361799
331348691214449918113554451
332015220975577580044654049
332015220975577580044654051
332515557794193474725224199
333016271325183782176290451
333183259549374865275645001
334520672192401181152465801
334855443922462663199999999
335525489665751510989063199
336363988625798602651632451
336867590284992741343168801
337707763522259445319054049
337707763522259445319054051
337875923740504257037729801
338717352685685670248602049
339559828054129341155296799
339897111200020241672805001
341416957274588564239320451
341755161272950251529152451
342432071552839509802811249
345146409781274992150710449
345826668615603475051001249
346507597160819802876618449
347530245686559003850031249
349751153489909492309788799
351807500771037335524499999
353181747512895122294272801
354386410900871426879051249
354558673098304288765351199
355420611939425952814344451
356283597203809874559160199
356283597203809874559160201
356801890645606111300044451
356974738840065837496005001
357839607666321823093301251
358532256152075437112130451
359052182014160795858497801
360440492684663326060124999
361135652586246358548928199
361657462010203781147776049
361657462010203781147776051
363573986215028751046684799
364272159815607085699456799
366195590413962956390794049
366545849208305852336501251
367071551326798873563808799
367071551326798873563808801
367422228690446672587845001
368826612422257480997305801
369002348744921038433736451
370057645676442679516811251
370938210851632530551444999
371819822450084639281901249
371996270340566531951491199
372349291692321788214169799
373055836678998184433521801
373763051376562425578200199
374293901897505754668954451
375356733076515651161951249
377309170527701305181488201
377486915983028397393898051
377664703295285979914140799
379444878549038772047377801
380514992833953982103299199
381944155868615052749836799
381944155868615052749836801
383017786135691448663721799
384451637146567433787544199
384810518468591333146828799
387327375698973543139105799
387867769600068662415761249
388228241485451193472696051
388408540213538194462912801
388949687539382139280560449
388949687539382139280560451
389310661707930554031490049
389491211577600496868704201
392566963472354542199778451
392748266766773310577984801
392929611918122569264024049
393655411092824507086510049
393836965528826217311713799
394018561821758417844750449
395836826882257390105926451
397476844204263386460697799
397476844204263386460697801
399120251937639097749934049
399120251937639097749934051
399303062081555517210124801
399485914082402426978148449
399851743654887717437694451
400767050082384523973635201
402050237071960646052934051
402233716926764910438451201
403703062614696676604572799
404438740024994327075623201
404622764019894965462968049
405175087146179822471999999
405543511848355512017185801
407203494926205385208250451
408127172739800253310771201
408681881711123057866278451
408866868415424973333779999
409051896976657379109114451
409236967394820275192281801
409422079669913661583282049
410162947339592110225612051
410719037589621094939605001
411832348226802302679079199
411832348226802302679079201
412389568613954525704560449
413877331351302027317158051
415181321235331832389408201
417608458135208067541864051
417982491666069458336658451
418543855889340221837596801
418731061010958123620242051
419855170736205830780604451
421356327691310230899730051
421919952188827471023645001
422107910735194198347282449
422295911138491415978752799
423613085955625668018366451
425498322104909132812182449
425875871617931709464940449
428144684678228355239452051
428523406185304660511531251
429660575272865343715758451
429850249953382173660544799
430989177032023449793753801
431179144711053711893370451
432129610960162377008947199
433081123632533299820346451
434796483429421850274337799
435369023453133525966660451
436324093964596124943856201
436897638554639568024168449
437280210899320981616874449
437471559857057423874976801
437854383343321779314680201
438812174555266248301014451
439579160949570649031074051
441691826730673201434952199
444002329293738193811032199
447866561116603412944360201
449029095504041222695324799
449222997734537573731234051
449610927766321746726551249
450775722428006033100492451
450970001370876796906897799
453109832299867559094328049
453694301548768972519027199
453694301548768972519027201
454864370183695037679913799
455254727917447648529539201
456035945668118753922784801
457209028002040121247640201
457600390302124499485255199
457796134237562424065812051
458187747679229744150424449
459755875723118636802190051
460148326303395763043460451
460933729747115899219996049
461326682610558909155261251
462506545767219706349046451
462900168341550561209638049
462900168341550561209638051
465660214338081459711064051
468230460083304057344204999
468626510359603350059104801
468824598283148731878304051
469419113195367819182899199
469617368546635162233430051
470807779649779517001106049
471800939967988296106240799
475185512295899832628451249
475584492557333446891654051
475983640246489022386188449
477981890108096318328834451
479984325662752645054770451
480184799431335974420445001
480385315056849794093952451
480987113074974194961472201
481187796128209975866311249
481990946910458002563996449
483398072271215926136512199
484404417522529152209010451
484807248621567874792840051
486218475961513848532979999
486622060485301396657801799
486622060485301396657801801
487227751197961396153781251
488238072857671201470405001
488440262760404633457228449
491072540476613867298727199
491680993746686227111678051
491883895217237994331660801
492492850770476237838606449
492899030423954185049068051
493102183036088894116048199
494321977704437444982419999
494728910782664217733873801
495950714583676303376224801
496358317372790921053005001
496766087589627499961116801
498194601841865970836244449
498603125483451375285348451
499420675049788067877551251
499625167083698466795184201
500034276722310735553948801
500238894327012605395080451
500648255107207816000842449
501672389553979422902323199
503107935770540265493378051
503518468544789204718461251
503723797717309409792752199
504751071433867789781700451
505162273919004573932110049
508664254936941423925605001
510316431697254854705833799
511557322258570520719987199
511764283851379847799761251
512799719669383837816125001
513628821748535855370208199
513836201910650085528311249
514458593538575717849617801
514873730575178590936319999
515081361878875762941420449
517368068776957015314496799
518825882880538701672654449
524258577602736735920411249
524468092468305971777992201
526355609820301158348701251
526565543255175297284611199
526985535695715046079929801
527195594701380655939338449
527405695563976756106580001
528456827730914611560281249
528667179735093653574520199
530351502618023640770416199
530562231334577095555151249
531616502771301724096319999
534997203333142907143987201
535632277611007102738662449
536055869747569018007610449
537751912571036291396718449
538388619269189608996876801
538813299685944272269480201
539238147530420896773415201
539663162802619482508681799
540300999637896038420328451
542003739570241761062700449
542856114102746389771876049
543495834499895009536003201
544349381026453366864500001
544776405431315487375745799
545417255965587345451361251
546058483212233616297472801
546486177327983581734045001
547770264241565245431751199
549270270131081162085472051
549699219954745836757031251
551201862830882642804224801
551416693526624147756584049
552276434878895070644350049
552491474859289027135873799
553352053350169756180297799
553567302615216164210986049
554213301551938330150048199
554859677201034908859606451
556369352041494086622727199
557232944231370117831120001
557881077871547289469660051
558529588224098873878696201
558745842055477049297374049
558745842055477049297374051
559827739066325281008256799
560260790869178005847440199
561127396758049339219801801
561560950844067947752980001
561777790672472987481318451
563079708638443522315840049
563079708638443522315840051
563514016149210956390010449
564165791342340784810012799
564165791342340784810012801
564600517422413121962512201
567212389885008330735472201
567430317993606118467466049
568084353460982423510444999
569175249711886071405401249
569611901210760962718214049
569830289745594143836369799
570267192386051976996179999
571141499950133527009795201
571578904873757243863600201
571797670120964837752252051
573330198845471723592136201
574645427315338176317519999
575962162634702280124888199
576181765020519680170198049
577280404803564035014240801
577940090956556531614661249
579260593399664763126990449
579921409689780498038899199
579921409689780498038899201
580141765500346723625201251
580582602692270645721304051
580803084073628342231104799
581244172407135206174205001
583231141825975364155884449
584115327625652626818064049
584115327625652626818064051
585000183136217734405570049
586550291771530549535272199
587880588736373513080500001
588546302287356614008858049
589434506352360946222996049
589434506352360946222996051
589878859526446054177062449
589878859526446054177062451
590768068157782153779190049
592548494553117887759424451
592994019721256724332812051
594108565137887396153356799
594554676303053097036404999
596117383874443494823810049
596117383874443494823810051
598577211037032660393760799
603736852073177171493594449
604186562934365038850272051
604636441223274867438281251
605311572583618287629041801
606212333727769712193049801
607339226938895024824300049
608918635425551055437032201
609596152630932423174268051
610274046548688203682000001
610500094901801111133576449
610500094901801111133576451
611404706883557644018211251
612309988576202021828172451
614576122792947287901378451
615029851919462224810014451
616164907232033147468680199
617528354885824434817564801
620715592714939415061568199
620943566486854876673458049
620943566486854876673458051
621855880143821626199346449
622768863511676220650561251
622997213995966095032947199
624139594271372821562370449
626198515753725818708805001
626656514287150767016396801
629408021469861642719911199
630326529952540957805068799
634468105796834956639192199
635390297689397418813645001
635851644777261591747868799
636543979336036528457951251
637236690607185877938529801
637467678078096641714388451
638392046531044599896152051
639085762368525716764720199
639085762368525716764720201
640937512973416935292216199
641169170155215543993401251
641400869193944643002419201
641864392842194311943953801
642559992241547492665002451
644649050713853511451124999
645346156962704343254158049
648837338892574693826764801
650703153426110655786115199
651403524515539731600114451
652104272317343220184609799
652337938631805363661774049
654208775997000162561072451
655847956180396352759185799
656082292205746341161676451
658193199995768300636572801
658662751042008573906045001
660072408747061161102451199
660307498197159975045934051
664782150565830598460359201
666198337952039673678697799
666198337952039673678697801
666906996713705830443611251
668325444374161382284926451
668561998816827357002560799
669035233272950777361328201
669271913286408223002461251
671641015552159646344601251
672352562442029634349984799
673539311063756087182282051
674489463385886074989112051
676867774176345366054490049
677820270486582811099962449
678058499206468398130912799
678773436507708101070761251
679727272239721235966886449
679965835815050745460500001
680920508685673686513283199
681875851267184472491392799
683788545562869579223591199
684267137706095758984969801
684506496563104584327408451
684745897277043899977679999
685224824275714002201721799
686422874268672838148902051
687142206547614023411205001
687382067687788732447638449
687621970684893931791904801
689782981220712789742782451
695079724632678304149280049
696769300560384824978205001
697977396216661334805281249
700154605384579941887491201
701365631025990773262870449
701607961725064410461444999
703062824915046530117383201
703548114167151159132025799
703548114167151159132025801
703790821578599209101096449
705733987719681259935646051
709384644554719683351601799
710359743607421894626840201
711335512371011950827405001
712800421224311744363239199
712800421224311744363239201
714022329667650055775172449
714022329667650055775172451
716469285824113451686506451
716959179338572014562768049
723096974983344529409641801
724081449988476569639449801
724327673382085805466484049
727532386479680489230723199
729508033598823018943603199
730496861724726051188032801
732228922436880234467351249
733467364367762217473279999
734954875963526777238880199
734954875963526777238880201
735451048017558886290076801
736195620025585727175618449
736443894408788988086464801
736692210648922739305144049
736940568745986980831656201
737437410510906934808179201
737685894178762647258190049
739177675181437218422746049
739426451847806363027587199
740173032988496738689108049
741169060506444103880796451
741667325407000728323638051
742165757735279313997811251
745409648919812925893644799
746909215311558694315120199
750414063529234130395168799
750664723757475338852490449
750664723757475338852490451
750915425842647037617645001
751166169784749226690632449
751667783239745075760106049
753927115705285666810465799
754178361930553739577448051
756944832965914900331224199
760473121064664908797696801
760725455570125729568334449
761987755951387188039016201
763756734476233822826952449
764768500200045543763811249
765780935634745109625996451
766287404493677834404086449
767300844494709167654261251
768061363993252815824137801
769075975988337877693633799
769329733629435368930590049
770599149688880179732864799
770853158471560612816818451
771361301607712949908224451
772378090163183507785031251
773650017638457737057279999
773650017638457737057280001
777472078603853971048961249
777982398300391804147678049
778237620934056456158785799
779514361956337070831818051
780792149401879943200672801
785144453962727396819531249
786170283615183861188244449
786683449582995035219598451
786940095352296357697024801
791052120203664199201120801
794658931904014025162113799
795690956382183055090096201
798015460088497055436281249
802156282508042228729412449
802415439693172969676812799
805528590755320105056583201
806048035262704825262872199
807607373351190753269728801
807867409531861790681620051
808907972823850843407514049
813076923100685503564354049
813598795310038661624951251
814904208329705137163519999
815165416504429903194732449
816472085232011087968288199
816733544548318795846498051
817256588751725682526416449
818564931756526479613288201
820660457124593250959593801
824334072486005608221895201
827226239883629163397870049
827489415334086973897228799
829596325787247108974083199
829859877950079332243938051
830123471969842045821625799
830387107846535249707146451
830650785580158943900499999
831705915083958623752243201
834082405097941586426890051
835933130208035792412479999
836462285523294264036001801
836726925966319235309512049
837521098436977090977040201
839905876123197134602601251
840966865597265457550950449
841763047200586847994457801
843622269267570586470126449
847080551650075555086073799
847080551650075555086073801
848412543820603376098534049
848412543820603376098534051
849478890981774458449494449
850279090850422918444960199
850545907853833385725781251
851880620724843076747380001
852414798871760385310849801
852681950730614775054334049
852949144446399655105651201
857229936441504417792000001
857765788865641338668785799
857765788865641338668785801
858569881428825397292711251
861252910673254129381601249
862864737352574903410914449
863133521631718415159881801
865016183579776726021974449
866362197822018800158456199
866631526241258685909251251
866900896517429061967879199
866900896517429061967879201
867439762640561285008633799
869327112564834510348011249
869866732112715558929758051
870136604672051818682380801
872297091996239547785347199
875272136116233912470464049
876355226049601117954584449
878523415048999063698804449
880422777912323007386224199
881780721379754819255082451
882595989743379790070392201
883955607488031214252566451
884771880417987952455865801
885316271655944896130563199
887495510884992283142668799
888040739261559032974024199
888858895753387835029804051
889950357072853102080504451
891042488103206214056531251
893775745664223315544901251
896787163456813757736808199
898706157220537655797858051
900627201973855578942719999
904200297916695461944312051
906678123559395459882409799
907780467680788206969664201
909987165056237235920152199
911643946078904600561999999
912196541275237644571945799
912196541275237644571945801
913855331430568543989772801
914408596337789432925044999
914685291576795612854430451
917177432289723296071380001
918563419900583614188281249
919118107943441173589872051
919950453934706190001004999
921894059573558389067800049
922727661272738114713919999
925509054303819070210125001
927179899255131178283827201
928294633027949056489619999
928852251055940937439513801
929410036511654779620739199
929410036511654779620739201
930247028622204220201324051
931084397445128073552405001
931922142980426339673982051
932201475206053408996840201
932480849288610968627531249
933039723024517558812412051
933878347555356121398480001
934157972779496622876168451
936116521342533861839308799
937236612802454499447712801
938077120895165125886261249
938637668908291328384458051
942004472969209729231602449
943128080411291552697970051
943690135273915406278151251
946502921002864092649031251
948192601572896839247538449
948474361500492346424704801
948756163285018343909704049
948756163285018343909704051
949601819780179278211699201
950729947770754054924019999
952423395464530929227488199
954400988930941258254598051
955531963192789375899556049
956097701465296376569032449
957229680293476261601980049
959212254734614937261204999
960913236675880066974595199
961196880165347638004242049
962048061775333292940180001
965172283995595114741752451
966025223596661362606672201
966309620510877759177311251
969155891784218691814511251
970010589376365532608412799
973718632063106168063274451
975432422225101331973532049
978005932810902173617639199
988333879267802689538716799
990924341910452105855148449
991500460701720702867184049
992941490176175775784348799
993229821641858261291280449
993229821641858261291280451
994672106824228043443432201
995537980216815796428718049
995826688394872694706145801
998137860668825532007552199
998426945559256843055476051
1000162333897385005807510049
1001030593135010706339271199
1002768241747385345714281799
1004507397209257636171276801
1005667671322448969299264799
1007990228681495170331220001
1008280736707563151845462449
1012352244050216375367311251
1012643379930241711499047199
1013225777261083854686017801
1016431955351245699224408451
1017599094001037442836992051
1018474887486151398778675199
1019058959094213154278961799
1020227604593502548973529801
1020812178484730188167811199
1021104528215739743226701251
1021689353248550324267980051
1022274345709082866540590449
1024030327657012260746411251
1025787816454439306034216449
1028720313004590272807190451
1029013792872723066177568799
1029600878179780123841824199
1031069323943706348389538451
1032832840139123998005281251
1034597863184039298703008449
1036658961226777791856753801
1036953571232033823538620449
1037248223094220345528320001
1040492156135684447731986449
1043150050293353749967220001
1045515469149222026220064801
1045811334862392767136918451
1046995216284380633882662051
1047883566848641682174215199
1049068620264683277539280001
1049957849824484622295324049
1052034183789921587500245001
1052924669057637641491276049
1053518535187434129024461251
1055895673983839691470518049
1056193004689577593161523199
1059168613878133577002384199
1059466405010106872079551249
1060062112844844933157384051
1062446618461016789782031249
1064236755664226275179498451
1066327153558307983816273801
1070813484010585403116078051
1071112907562847820198728201
1073809603095081637795060051
1078011201777698738061562049
1079814398343221199502894049
1081920032160001380190845001
1083124172336346555927712199
1083726493566102085643143199
1086740611130709152690272201
1091874217156088692318042051
1093688966234426478721254451
1094294217449316329984988451
1096110975660317651164180049
1096110975660317651164180051
1096716896586095347353240449
1097626091901740568945577799
1097626091901740568945577801
1101570291390307521193661251
1103089174755474566680019999
1103697021100054817029393799
1105217369457789023289904049
1106738764238785487246236799
1107956633488331483952295199
1108870474923261129714084451
1112529607786723840466202449
1112834807595393920029792801
1114361434492701672465238049
1114972378250138205594246449
1118641556776918590226260451
1119253672528408851974590049
1122010265328174300079801799
1122316762701689579186212049
1124463416310350261550405001
1125077122625199154996384799
1129070294722439767408961249
1132454657765698852392007201
1138003631040798961799560199
1140165227573644684060098451
1148832123600967823940372451
1149142262527435759828245001
1150072930448422509338860049
1150693585013732793885101251
1153488602475688344580915201
1155975908713144397243164799
1157531835461795365161640049
1158465893794151829606719999
1162205894247321815092000799
1164702576437207696708820001
1165951922098482404905219199
1169391075863753302841531249
1169703977347633599046375199
1170642932940857429507904451
1172521974264428328742451249
1174088993099659228236645001
1176912263989695736719666451
1183198337810730167064588449
1185402419128023551775520201
1186032533359624645891996801
1189185615933459534944353799
1189816734731392396448820001
1190448020957047219184617801
1190763726855270366014266051
1193923087968678801241558051
1194871712512845892812487201
1197403219668899710546279199
1198036515027218068058056199
1198036515027218068058056201
1202791566973243263645078451
1203108905291755532480209799
1203426285467198291623174051
1204696224738274231273360049
1205649118689351334243244999
1206284590608055187762332801
1207238112413089645349711251
1210419239130353040650111249
1210419239130353040650111251
1211055966756971603404186049
1211692861811312127389592449
1212967154203159059054400049
1213923312994814406035251199
1215198777380715066319379999
1216155815167910709764722051
1216474911477503571528835199
1216474911477503571528835201
1216794049644026923600781251
1218390368330601038578005001
1220626972482885392475100051
1222545694176561103535236051
1223185602929896929684611251
1224786107309520075445124999
1231198589060635235445405001
1233125598426548027456455201
1235054114641958470549489801
1236018937818225311251751249
1236662362553722323259090049
1238271656888748433664512801
1238593641326545126669096049
1239881997647036801765758049
1243751084873838896607702451
1244396518741999443391020449
1246010835908684390736391201
1246333824912812851128964051
1250212957802932619850804451
1250860065948312778947438451
1251831042093361694901136199
1251831042093361694901136201
1252478568808046757076099199
1254746230802754919385206051
1256042958509344656048448051
1257015943787057106778124999
1257340355926822237637016451
1258638423055187664150911251
1259287707760953319254856051
1259612412899231882268577801
1266115305620206107187921799
1266440889754024966666134449
1266766515744774316452180001
1268069438277076618674691201
1269699033223390528379070451
1273940877344674059626905801
1274267466044824686493108049
1274594096601905803667143201
1280480604164479755439201799
1286380673372532566949119999
1287365336733851813564176051
1288350376807545472949728201
1288678807212637673360578051
1290650268638731172290168049
1291636564420339540910707199
1291636564420339540910707201
1293939386236659561799450051
1296244259042573607772004999
1299540492318685349612880001
1300530178511663433167884051
1302180492638570045249548801
1303171183397879896192542451
1304823171802006120587523201
1307468529808993575626803199
1309123238913601670030922451
1309785415553958339947400449
1310447759622036971095210051
1312104352288517129351809799
1313098810171571107999764451
1313430379846450081498081801
1316416390482232906835418449
1318741187187060339336433799
1321068034881481796921261249
1323396933565497279589900799
1324062709901876115980008199
1325394764857799672454217801
1326061043477344392538320001
1328060883902310320178616199
1328394337139061357529414051
1329394947990897411428805001
1332399040820652049749954451
1333735281469624637007454049
1334403652935693872483201251
1335406524061776403005568801
1335740898150998227128690449
1338082688769604724609863199
1339756652062238360617116449
1340761532320984425915463199
1340761532320984425915463201
1343107717917292405719090449
1344113853883953180252424199
1344113853883953180252424201
1346462969465395481604354451
1346798724833323485885961799
1347470361139970965372675199
1348142164874340406090720199
1350831054089037781276216199
1352849478991141405594320001
1353186029640748725724752449
1354195932731153627963047199
1354195932731153627963047201
1359925832588298092978310451
1361275802310471501205001249
1364315682815795352723280199
1366682378308043583365028451
1368712606864545474492010049
1369051124789885839090588799
1370405615060552200563232801
1372777584526042209991926449
1374812333631037054364861251
1377867282631337416702984201
1380245698064122933537944449
1380925622043007493975572049
1381605713449614015644531249
1383306674462413900204005001
1389779869691205251715906451
1390462137658197269392176451
1391827175875347188438711251
1392168540071960893969927201
1393534415427720619173120001
1393875988908986776243500451
1396610083608613683888528451
1397636059760326864334656801
1398662412624414457551281251
1401743731490923713824131201
1403114294822898353504608799
1404142656819649481497212449
1406200510950274975793908049
1406543633137969274254105799
1408603245259675361479783201
1409977157146089225786892799
1412039280683624731482544201
1412726990051580489177091199
1413758868030492803027658449
1422372501113767026190567199
1424098367000208643910616451
1424443665748288438378124999
1427207562582424445200177801
1431358430665287292373204999
1434129024608301748448521801
1435862006172926718500164051
1436208728056643183433991201
1436555491797290138675651251
1438289938354482269501445001
1441414579144048994381346449
1441761970738653304240500001
1443499556565632208153761251
1446977867489376789067751251
1449763529927367755962912049
1450111926088303833210055201
1450460364106170400765031249
1451157365712695006798482051
1454295944860115004186739201
1456739405962882459394026049
1456739405962882459394026051
1458485991029916779491360801
1458835433614115114434326449
1459884012508293061110220799
1460932968114845420556611249
1460932968114845420556611251
1461632481137199445060036049
1463032009465073377760880449
1465482795530676636838924801
1469688914761786690351379999
1471794234651588193730584199
1472847459665050564575930449
1474252345680027256679386049
1474603671826097655474832199
1476712507698060344711999999
1477064126842644175662276451
1477767490702603308486328049
1478471021990284402541711249
1479526632848784720933532799
1479526632848784720933532801
1480582620419659452095850449
1481991189844519291288601251
1487632164652837097312868451
1488691040351915659715656199
1489750292763368634888940049
1490103460614380607229033801
1493637441255677297560780801
1497529654436575287480402449
1497883743140058046592820001
1498592046117815035741153801
1501072425033274942457058449
1504264497337861553255761801
1504974307165116193486079999
1504974307165116193486080001
1506394429102791357640711199
1508170523305821344760240451
1514573126821340792111956051
1514929224657487086000352801
1517423081504564871838451249
1517423081504564871838451251
1519918989341236682760361799
1521346143243234218630920201
1521703036361059828368142049
1522059971335815928413196799
1522773966856119599426804999
1525274269670492892671170051
1527061455960102811366417801
1527419018788816266028966049
1531354972462076627633968201
1537447771906572061560474449
1539601059838715457716182049
1539960087659996073152881801
1540678268873348774949780001
1541037422265420861309978449
1541396617514423437978009801
1541755854620356504953874049
1542115133583220062237571199
1543552668003979194450688799
1544631258317318691842772449
1551110711157218344375692449
1551110711157218344375692451
1553994821095722515293834051
1554355523194222743043849799
1554355523194222743043849801
1556881609877778065913281249
1557964846310401987474816799
1559048459455400321806848451
1560855318502340685183559199
1562663223972543306256092451
1563386679159137786839936051
1564110301773454228655111249
1564472175866008185024448199
1567368675455937487061128199
1567730926260865856200961251
1568093218922724715648627199
1573169711166450230238405001
1573895594055013148676556801
1576437502658293807906824451
1576800799886484434742480001
1578254407368551845163431199
1581891356058854692764112199
1584075534405699936100500001
1586261219602042830518872201
1592827316288057420265895201
1593557719725113291950000201
1596115450248119287541104049
1596481007750556390999736199
1599041082261669843829482451
1602335620332096728203125001
1604167384252678824740411249
1606733611732574352821593801
1607100383085995675207380049
1608200948287842584211736201
1612974417283283515245234449
1617386974895571766989552451
1617754960099977308302492799
1618491056079579861851872201
1619595513975962369484688049
1624385851314390894574844999
1625123454143491099206208799
1626599162084857392162931201
1628444738792501290285074449
1628813979704821540833001799
1629552587100253512852355201
1630660812120380148190132051
1634357616221284135991860051
1635097479324630817246200451
1642505318882805497512842451
1643988895927103968342150051
1644730935590836145603801249
1644730935590836145603801251
1645844309013413088805024801
1646215517201466383821098449
1648072185995690213518960199
1649186689555390395031672051
1650301569827464989314879999
1650673280298684168024948451
1655881621873454152288361249
1656253960198630685615923201
1661471091728803634524245001
1663336341193777977327851249
1665202637082014577827279999
1666696427217352683767815199
1667817209316626411455462049
1668938368128274551913604999
1671929966664277833346633799
1672304104837465449911010451
1678670857892019948603847199
1682046389122945578634151251
1682421657433256433510016199
1684298626838768062506834451
1686176642667541949199475199
1686552371404088197461502049
1686928141997564936031361799
1688055704919578093587938449
1689559708145955834639701249
1689559708145955834639701251
1692193325283940758331852799
1692569723731374851519206051
1693699170215260072928263199
1694452343822502672073465801
1694828993411519707107816451
1695582418160345248100016451
1696712869210562236897063201
1701615843548940180365554051
1701993288419636531248729801
1702748303731820703938579999
1703503486471726837859761801
1706903880719363710742808449
1711064522395496044794817799
1711443013689454653373816051
1712200121848163341455311251
1713336098013205050886300799
1716367209491591182913587199
1717883769797116016315219999
1719021629524029789598690051
1721298479114980574477118449
1730040361833277100840032801
1734991220500135956469361251
1738041418738825668868450049
1738804386867803000046551249
1739567522424502292455984049
1740330825408923546096748451
1741094295821066760968844449
1746443276682284179550801251
1748738208467206777413042451
1752949497029232383942860801
1753715729998787959131928199
1754865393380099999224276051
1755248698221064993204057799
1757549406262395253547239199
1761003293667198739840732051
1765613750846845167019001251
1767536553591243683092845001
1771000235517781901419236451
1774852747400109834359352449
1777166263662170128899401249
1778323586861761895325169801
1780639363398068666488195201
1783343007180763875184788449
1783729409434585151944204799
1785275437019175162060199199
1788756447714936367829411249
1789530466073563140275398049
1793403069282526420975306051
1794178092207484960809282449
1795728640340567924171230049
1796891990938150294924936199
1797667767287857660299904799
1802714394611678340250908451
1803491426669300414860864049
1804268626154644450702151249
1804268626154644450702151251
1805434739309639181772828801
1807379098373240206380616049
1811660371723045607607043199
1815556833382388363771704201
1816336627997422798698631199
1818286847031292466403024449
1818286847031292466403024451
1819067227643353765639612051
1819847775683137026107531251
1820628491150642247806782049
1822581012315688882441984801
1822971642119489680292524049
1824534579903997774773010051
1824925418992451024162713801
1825707222740148993865619999
1828053638549574670362328201
1830010136123017884241656451
1832750990716918976601697801
1837454370282253887169004999
1837846590649413316717194449
1838631156954523646737072051
1841771096452184579129898451
1842556499895904715306434049
1848059011978160583019468051
1849239189061800057521999999
1849632665136874196305176451
1851600673366202244838552199
1853175833374413509206245001
1854751663093512618499264201
1856722392023322537041778449
1857905331664374371861281799
1861456410861776352942768451
1862245999998545519902594049
1864220705336752017689233799
1865406030822841800055212449
1868568740490689459909136451
1869359836476956277950946449
1872525894699243162431502451
1874902196357038918720901251
1876883598804123865760804999
1879262663019331982367175199
1880452760195497659826104451
1885216916023904497366782451
1886408896761942238678192199
1890384886589216579725363199
1891578499747543443042256049
1900343173564491942020184449
1903136181893783957940019201
1904333813317437890808870451
1907529338818789952003788049
1907529338818789952003788051
1910727543163693392900011249
1912327649902476880736112451
1913528169454334644845433799
1916330846734569921874668449
1916731396630896922681604999
1916731396630896922681605001
1917933297461460866949412049
1919937302651010580219081801
1924349797477903096501650449
1931179069614375496748032199
1931179069614375496748032201
1931581168217130638944786049
1933189981197456110810130451
1934799463888669427600801249
1935201939203798982568051201
1936007015404849563426049799
1938826100601837041125781251
1939228994486271499171360201
1939631930227636447524772049
1946891931107319360525611251
1948103249747243624055820801
1951335274491983233681027199
1952547974410613677369722449
1953761051041618533828913799
1954569978080274223007539199
1955379072546651873417496201
1956593028173197026341178451
1957807360512116592035356801
1960237155327078961735201799
1967129756999383197732761251
1967535580868951977326643199
1967941446595451247228358049
1973221510020616373963444999
1975254187207551948098651249
1976881082381849232947808449
1976881082381849232947808451
1979322680851209869456531251
1981358497307932216679204999
1985025603916653331073490451
1985840976922604527658382451
1986656517356277685474606049
1987880141933766099507688199
1988288100506789884801048051
1991553275940477818229911249
1991961611225876016293767199
1993186868223653552332332451
1993595370936773711627520001
1998500668334793867180736799
1998909715188010400477752049
2000546321170181436744142051
2000955577308050421580321801
2003002485851352700378714051
2009559625154242364249496449
2010380020991852397774336449
2010380020991852397774336451
2015716674987040420699504199
2018182131906780532672980001
2019004285735471159126801799
2021471751787874805876256801
2023529124563799661632874049
2023940724689776103707696199
2025175776209288371779160049
2030944330941740636078106449
2036721089632569000712301249
2037547010585003754871084049
2038786205940634563418004999
2040439052411835839123560199
2040852368671962383819531251
2044160405602472392469284051
2047471121376533780820342449
2054515286994143421480832799
2054515286994143421480832801
2057419341760026224081351251
2059079722478715755196828449
2059494922300714363745280001
2066975676631803160256833801
2067391671735481084654110451
2072386877820194421432396451
2074053285936874556875811249
2074469992608370816506247201
2074886741136797566444516049
2077805152829838544631719201
2079890988318496809714708449
2081977870230417332493520199
2083648129184702576257561801
2084901262898186657312838451
2085319057849875664946929799
2087826706555550007215968799
2094521136590447880778663201
2095777535144510205844906051
2098710596763222791773624201
2099129772993617979566201249
2100387552826386484790929799
2102065178600438022733561799
2105422439281204633394805001
2106262173020701189138444801
2106682102675845202472014051
2107102074187919706113416199
2107942142782860184319719199
2108362239865726158884620051
2109622782255907024426319999
2112565512825562871464438051
2114668718940374614298080799
2115931144892427543692261251
2118457126933656640792110449
2119299455802843595621390049
2120984615824383388973944051
2123092007632244162590876801
2124778674503281607025415199
2126044114154329838583564449
2126044114154329838583564451
2126887949873014444494828449
2129420461595400029616610051
2134912739658151017064500001
2135758333367916215904745801
2136604094505403375976323199
2137027037859542691473861249
2138296119063543579813472799
2139988813332571628575948801
2143376211003291260876880001
2145494694897731966069531249
2148462330341029546268224799
2151432016773921151550730451
2158652651210477930034727201
2159077771125002741539576051
2159502932896458043352257799
2160353382010160117901120001
2160778669352406890637300451
2166737087121563191266281249
2168014958280967044250801799
2168867081671888731112979999
2170145580685249938714994051
2173983337999580038144012799
2173983337999580038144012801
2177824485725279852507496449
2179532750772450295783811251
2181241685530508583985452451
2185089237366573415447369799
2188512129714348828790600201
2197081080524324648341888201
2197509967562593587551698049
2199655030607895638218240799
2201801140076459946580606049
2202230487540964279176577799
2202230487540964279176577801
2204807451323530571216899199
2207385921955594514339204999
2208245747021726417842636801
2209535798547902950406531249
2211256453246498524801384451
2211686721563473644169680001
2213408213400679024721191199
2215561019978121782336820451
2216853206207753320600192801
2222025718250023601358643199
2222457032990260978422761249
2222888389587428845794712201
2226340749214269435852304201
2228499834331285739642868449
2229363761376605693313924449
2229795787684661405611201801
2231524311486189157878640201
2232388824528535975859356801
2233253504998604755071404999
2233685908019034880139178449
2237579418764778069601620001
2241043163476712023389760799
2242342758383040346139556449
2242776040399010767671820799
2244943078332820229950636049
2244943078332820229950636051
2246243803376271791011919999
2247544905132097764843700049
2248846383600298151445976199
2251016351519241935273094451
2255359426626916276014798449
2255793964350801406782049801
2258836900412051050772130449
2259706687427639647539792451
2262317053040737205230768049
2265364384079688331543303201
2268413766108233482939650451
2270593151836537586029171199
2271029154552989877570574051
2274518683134105860983781251
2278884360984244967955251249
2281942825966706516151337799
2284565999800534108039180799
2284565999800534108039180801
2285003341938762089431236449
2290254712438076110146870449
2292006508692956473569401251
2293758974658724681917258449
2296388929315291703674031251
2297704471712136833708161799
2297704471712136833708161801
2299020390821356376512788449
2299459114238290538063329801
2299897879512155189921704049
2308242372532376733719065799
2308681974944851191734098051
2309121619214256140056963201
2310440803164053926872556051
2312640280218993377721868801
2313960468735122931925451251
2316161620067281995088080001
2317042373598659052507961799
2318804382944579051041720199
2318804382944579051041720201
2319685638759121992155596799
2321448652671373758077344799
2329832114493881778467136451
2330715463154949234972658051
2331157200270878698687168199
2334250532076438673308060451
2337345914871592673012764801
2337788279841479491344768449
2337788279841479491344768451
2345314888439920420087264201
2347530898982403542530572451
2352409805585749558995145801
2363517065302983871303072049
2363517065302983871303072051
2367076913527323571875551249
2370193978212471551037697801
2371976078885026897331248201
2373758849268470088550124999
2373758849268470088550125001
2374204646506657112124426451
2374650485601774626006560801
2375542289362801124694328199
2383576057459527868294156799
2386256993857432084991401801
2387598027124945812495768451
2390281223797096505815990049
2391175957543257326052060449
2391175957543257326052060451
2392070858717140107519462449
2397891797398100992071283201
2400580770326659347872445001
2402374256084308057896544199
2407309795114607460859031251
2408656730209320321767836799
2410004042016407595447138451
2414048237711915893108020001
2415397056368500817869306049
2418545764893099469753124999
2418995747824335524110716449
2420796098118584644619411249
2420796098118584644619411251
2422146800337041633233177799
2423497879267873034617440449
2423948322625344482361193801
2425750514624535176414536199
2428455058331235926729536799
2429807895253147921042781249
2432063460594944384388180001
2433417302083188146089414051
2433868666293130380605491199
2437029387756779750837352451
2437481086822165907816092801
2438384610523729692697072201
2438836435159907320599311251
2441096186194752814728000001
2441548261972513384477236449
2442452539098825994899208049
2445166375044095593553112449
2446523858085292012035808801
2451504518886659966842162051
2455129998778008470096628449
2459665615765938226869672451
2462843038144853229926860799
2464659628928132589874720801
2465113881266278655631268051
2466931309188167821735786049
2467385770810966339031497801
2477849940648147561794748451
2478305406837277846478449799
2479216464786329886769351201
2480127690163103888291584199
2480583365636886624514450049
2481950643199817775030045001
2483318297475123338316136051
2485142422505890953673918051
2486054736162857703199806451
2490162219537267346304032799
2492902425348745838892664199
2492902425348745838892664201
2494730066361674640108409799
2496558377085491286249481801
2499302098879130964696076801
2499759532343994293847924451
2500674524844512423075118451
2501589684772752513533644049
2505709976367892190834737799
2506626057148603068065587201
2507542305357035906527768199
2512126057815029517308647199
2515796073480419708097319201
2518091193621529512344808449
2519468767989361278587296801
2521306119810163831220275201
2527282138418591306292990451
2528662224202252491005452801
2530042686698288088488411249
2531883889356695749442016449
2534646949052221950107411249
2536950649864082267460644999
2538333372634364341566580049
2539255397099204842509701249
2546637620215919454382608451
2547099364944623285241244801
2550794829623751583192319999
2551719114362838560758417801
2552643566529647499555847199
2553568186124178399584608199
2555417927596406083336125001
2556343049474102867058880799
2559582294539352054785262449
2561434212571965234544090051
2566530440358416929277080201
2569776131390961624409728449
2571167769687438134084071199
2573488003986842123031300451
2574880646849650400093632801
2575809284709508369674352199
2576273666424833089926461249
2576273666424833089926461251
2585570090686730459613551251
2586965998390116980686849801
2587896812810360446274879999
2594883257720823952433801249
2598613212510676264039186049
2601879120440647777855125001
2603279423121735781250878049
2603746274395959429665128201
2604680102515198197417127201
2610754066340972992818828449
2611221587326084486158405001
2613092089835835362595040199
2614495406215918668154762049
2614495406215918668154762051
2616367080719723273210718451
2617303169113208517585694051
2621049196964369107398912449
2621049196964369107398912451
2621517638801951387510812801
2623860475843820142687808051
2626673261572768829058688049
2628080219505804791399872199
2628549289197344426129266049
2628549289197344426129266051
2642640843416211461153380049
2644052070756157434893520001
2645934293206445597523367199
2648758882589792550703124999
2651113858141503495151661249
2652056141360701305085906051
2652527345755695945514777801
2653469880116476697296019999
2654883995584626502276630051
2656298487765150720027736199
2657241691836819316734304801
2659128602263322393841436801
2660544224580969849904031251
2661488182077387272151592051
2662432307001526655630484451
2662904432248992082831679999
2666682941078213151523228801
2668100572528524142361802451
2671882764767628358142646451
2672355727153703591500499999
2676614272190252755573662451
2679928817873454007091431199
2686564062208638585378405001
2687512623967409941487584799
2692257944177096140503457801
2693207510502199264000627201
2699859162754136042958097801
2704615365765749722010524799
2705567108651238341515004999
2709375754470412431846241801
2710328334494510857507380001
2712710517051040502047301251
2717478021433886564214611249
2719863343260202981842000001
2721295038639158716112428049
2723682034742694746053132799
2724159559534193422964772451
2724637126182622590184244999
2726547811345644162140464199
2729415094798091229309780001
2730849301592876382050182051
2732283885100035947561080199
2732283885100035947561080201
2734197249106608899218605001
2734675694750578362902568451
2737068550824383035939879201
2738504766751831723456260449
2746650439352224305047347199
2749048527542340266563770451
2749528270751154929790553799
2750008055816900083325170049
2751927614649185600541964049
2753367723271169886686804999
2755288454097509132522920199
2755768741446420169751531249
2759612547087206118662404051
2766345652925877036662698049
2768752321786743511284865799
2770678410300185516523592201
2771160037070872243602856049
2771641705698489460989952799
2773086962722924054998240449
2776460694105838601791729799
2776942823159691212564988451
2777907206838187905035004451
2778389461462831986731761801
2779354096282911621048775199
2779836476478347173669031251
2781766415829394287228384451
2789492870342461190719061249
2790459430581343379196388049
2790942773486180208896800801
2791426158247947528905046449
2793360115864321712016358049
2793843709910741483563768201
2795778504665725472831737801
2797713969131597307025033801
2798681952506116165968679201
2799166006978771330902251249
2799166006978771330902251251
2804008853836499947168781251
2805947164573645122294714449
2805947164573645122294714451
2807886145021678142345974051
2808370994776012623128371199
2809340819855473055616664201
2810310812362655449336288801
2811766115050407717224472449
2814677850563035491312328049
2817591092925160916482168049
2819534091638521006085386051
2822449845416475849725200051
2825367106043928344446998449
2825853462647760476311379999
2826339861108523098483594449
2827312783600839813751522049
2827799307632393906847235201
2828772481266293563962160201
2829745822327915182308416801
2837051217048714834154036049
2838513426129998002834648199
2839000912870953373010518051
2840463624235402425385125001
2844366029578874805262057801
2847782831743263878815601249
2847782831743263878815601251
2848271113765898564840296199
2851201684897246977452956801
2852667535531482802915031251
2853644978572292471428912049
2853644978572292471428912051
2858045544173995249979104201
2860491767834175065503362451
2861470550296760423867896049
2868326715511072846896916051
2869796961123010154681444999
2870777334148954144743628799
2871267583447321875236470051
2872248207614848807145651251
2872738582484008008561991199
2873719457793117882318169799
2878135468602171584458702049
2882554869822595001533699199
2884520136422975934904019999
2890911878065033147373098051
2891403843497550980487088201
2896325799953906278557799199
2899280982960382992176205001
2901744786531368736990281251
2902237672816357356876595201
2902730600958276467070742051
2910623143771528912042366049
2910623143771528912042366051
2915067408008663571970105799
2918526401958986875819212449
2919515062657167946832310451
2921492886336695972552501251
2923471379727111843198018451
2924955689267693894414401801
2926935354652163493679240201
2929410878163686524686528451
2929906108436782601811484801
2932382887656220342053760049
2933869457471048869893119999
2934860713298920339991857801
2936347910967706222448711251
2941804192070235545160307199
2942300468766593879981086051
2944285994121332122342530451
2946768842595690957220576199
2947265537861354195119684051
2950246588450873918978822049
2950743576715050589032760201
2951240606836157749394531251
2960692131953986954756432201
2961687908330351378101123201
2965174444140937304504278051
2968164535827442934855322449
2968663030941117255991245001
2969161567911722067435000449
2974149239748947148803364449
2976145480477890909970031249
2982138220930049263021990051
2985636769679685907773187199
2986136729785927389683261251
2990137917485356896045838049
2991138632979519175714811251
2992139515901403416615116051
2993140566251009618746752449
2993641154211208455274319999
2993641154211208455274320001
2995143169233387906704020051
2996645560967941770904216201
3000152606674467948145492051
3001154996445849840127781251
3004163170326327283462638451
3004664679138996906762529801
3008176412821737998481090451
3011690197494073115283463201
3016713447722214958309792201
3017216002958146839305506051
3019729406991763598901568801
3020735061603723734894824201
3023249930629907655265038451
3026772505257645736712320201
3028282807952062269092934451
3028786325897395427168805001
3030297130874977843243414051
3035839972109761122553447199
3037352535078424131557038051
3037856806448506115173900801
3042901822280502918273337801
3043911327730068162587220001
3046435823850264853759001249
3049971876409620814328476799
3051487955360445009190031249
3056038452487164070397671199
3056544272563674195404351249
3058061983934787512271388799
3058061983934787512271388801
3065149617974711337616345801
3066162806834159729019523201
3067176163121330081654032201
3068696511479064287914542449
3070217236549172906945548801
3073767060038660178792048449
3074781672033745240661544451
3079349497929687289312004999
3087986863892549517016168051
3089512360652734031140125001
3092564484310226297699527199
3093582193718167642348657799
3094091111207534050134972449
3094600070553830948229120001
3095618114817216215340913799
3098163957971962963507474051
3099182588232375094928928449
3099182588232375094928928451
3104278250950265170506174451
3108357794823572533131940049
3110908870094630569777612799
3112950483736225824635143199
3118057447825348283327272201
3118568374447378225889566051
3119079342926338658759692799
3125725742133498904084134449
3125725742133498904084134451
3126748892942403988751542049
3127260531132252266546995199
3127772211179031034650281251
3128795696843380041780352049
3130843170455243939734488449
3136989609556162703148856051
3140577815850909587278125001
3146733798331980140878393799
3151868387995226202740236799
3151868387995226202740236801
3153409581104344582301531249
3153409581104344582301531251
3161635639939743800085702451
3164723174560430867071738051
3165752687622770478529746449
3165752687622770478529746451
3167297271143258573025505799
3168842231376121080291761249
3169872414149348536675096049
3171418002236168398558844999
3172963967035362673213090051
3173479372348955078713504199
3174510308546931360637831199
3174510308546931360637831201
3177088381538155645835724449
3177088381538155645835724451
3182763825528732220360384801
3184312552885338855331601249
3184828879051402047604339199
3185861656954319903073313801
3186378108691174566269550451
3188444334207898122132826051
3195681397489672346441236049
3197233264116065754499919999
3198268051151647144744873801
3205516248376931790936835199
3208106878447303168484598449
3209143423473965151658534049
3210180135928349096063801251
3211217015810455001700400049
3213291277857832696667592449
3216403926636813948353368051
3217441811085251621377956449
3217960816094866193351999999
3221595023156221925789626051
3226790305368678934009174049
3227310063803042331524209799
3227829864094336219347078451
3229389516109800824662681801
3229909483828816673716882049
3230949544837639842748781249
3235111463150152131189694049
3235111463150152131189694051
3240317628164536619445796049
3241880293878996526925368199
3242401266164344143367558051
3242922280306622250117580801
3243443336305830847175436449
3243964434161969934541125001
3247091900294344755199747199
3247613291148997274720266049
3247613291148997274720266051
3248656198429093784684802449
3249177714854537775128820001
3250742515272452688307870051
3251785924835715081966401249
3258572168047643445760561799
3261706666144340638135111199
3264842671090535481591644999
3267457159611286334604161251
3267980182886227976130163201
3272689275922574813716661249
3273736201467998393233156051
3275306903713112439816644999
3281593479817312753855561801
3282117633229377633693052051
3283166065624298864291531251
3284739028143659387497996799
3285787879107885521174804999
3294184714219685194917208199
3295235072033408979676000799
3295760313725666607517146449
3295760313725666607517146451
3296285597274854725666125001
3300489372517857321939937801
3306273937526222128984968449
3307326220758748467904074451
3307852425160407372825376801
3308378671418996768054512051
3313116771308173388969209799
3314696891362647754815101249
3316804304098973773585950449
3318912386546187637282126049
3321548431386140998828585801
3322603142320635775602000001
3333159460190291411059380001
3336329620391766345707560199
3345849142093177056144007201
3346907703865276941238048199
3347966433065098787563420799
3352203024141605785178227201
3359623504492788538410405001
3363336821152770952652212051
3365459637239517404705568449
3374489077070282345880505801
3375020597302113519896586451
3376083763336567338852246451
3376615409139189983791825799
3377147096798743119039238049
3379274266006260563107216051
3381934169296593400118428799
3382466275525451438444170049
3384595119010188494825464049
3390452891789980850270236801
3398448925863870581358706049
3398448925863870581358706051
3401649976480047363187566451
3407522482899372306989520001
3409659195487041541243399199
3417142963517125639918921801
3418747695446728306770558451
3423564151509782783948444999
3425705886929110855142272201
3428383997984206976060796449
3429991366900430532305905801
3435351983988324256465408799
3435351983988324256465408801
3437497402817535474748531201
3440180118134985529528674449
3440180118134985529528674451
3444474639203291113184214451
3446622904303775672399974049
3451458949410299613643657799
3453071717870556419599211251
3453609391071169668866728199
3455760502442927569015124999
3456298384928193269821806449
3456298384928193269821806451
3456836309270389460936320799
3461679511912027244819430449
3462217854823528339012273801
3464910197234991164593984049
3464910197234991164593984051
3469220121653717181532031251
3469759050562245140034535201
3474611294300868830409551251
3478387605641239157939872801
3479466928450862235719032201
3483785893966574159148985801
3489728845599914291033710051
3490269365071800881233864199
3492431861528652145112809801
3494054173369060741254264449
3494595027696391253917081799
3495135923880652256887732049
3496758863575018207646680199
3498923369164533006301605001
3499464600204237931734918449
3500005873100873347476064801
3504337563123454324487219999
3511382272881160339149538051
3511924466630266541663008199
3515178508120444053208320001
3516263523472613812852753801
3517348706252505533728519199
3524949673687962494336161801
3528209742576130610209411199
3529296767060963904629824199
3535278394498077080952148049
3536366507263103123376216451
3540176220434004716557192201
3547256843438071415340138451
3553799081673706529622408451
3555435583013551340119216201
3558709715830364199424320001
3561439310909963398977311249
3563077570240888802403100799
3565808839597707614269408049
3568541155377788683831537801
3569087744104596368667462451
3570181047129003209262810449
3576744381257605438692862051
3580028308596153030030864451
3580575776318501011331280001
3583861461648129195598264201
3584409222368990609053510051
3586600683821741165952822449
3595921866458023552723072799
3598665692893989456939250049
3599214583751974108705984199
3600861507467511005853184049
3600861507467511005853184051
3602508807895422315770879999
3603057991751920399692444451
3605804538888368173917760199
3610201190867070108685576199
3614600521689323423154697801
3616801191666781847777248201
3618452133647645814476406449
3620653975619157967718278051
3621204540754362231798328199
3625610568685493995520713799
3633879091376875630601362049
3634982272636878183845274449
3635533926052275195928980001
3636637358453860691019889799
3644918438224389418450408049
3645470845064535256075105801
3646023293761611584007636449
3646575784315618402247999999
3646575784315618402248000001
3647128316726555710796196449
3648786165100950578287783199
3649891606635199608154672201
3652655942967105763208970449
3653208935804278465143328799
3657634385351157731700180001
3658741166307182451417721799
3659848114690929132366595199
3671481181168982691671411249
3677582059001062755009667201
3678691853656082776891177801
3679801815738824760004019999
3690910645090952458855680001
3691466526056328992030508451
3694802690844128487543970051
3698696787586898541316072199
3703149695280179449811305801
3705934122938720952625396049
3707048187000650985905862449
3709834079651759649494104199
3718755968099629744692404999
3720430015106124361315324051
3722104438824993390708739201
3726012892494921620067526049
3727688571921705358695928201
3731599955576767909603018049
3733835952803560154036536049
3734395056752584440914497801
3737191204351663229921800049
3742786638819607581023872049
3743906227996362334938281251
3747826108608314418335449799
3750066961239043538477584199
3753990064834643375577886049
3754550675633165313537832201
3763526140952063002762244999
3765210233621875293265060049
3766894703004061996538371201
3767456276511985211578474049
3770264771905558641396481801
3770826596555064798283582049
3773636347656552937336576799
3783197328647614297681511251
3784885816295128070506780801
3785448729224826975397536449
3786574680655016256102546449
3791643534008927289512819999
3800099157179600600606531251
3801791411950858501136761801
3802355580588472115262504449
3809693581858123716909952801
3817038656949028180581161251
3821562219140976728698330051
3825522533547782449462080001
3826088460176476656516804449
3826654428662101353879361801
3831183683396596583861805001
3835715616974643193545553799
3844787520661390552016968199
3853302162104055197155068451
3854438159197562151739974451
3855574323718791067556212049
3856142468764801260926080201
3857847155044414782882682049
3867514159640408092968352201
3870928931743668386591999999
3871498206926801818273356449
3873206283617785055164423201
3873775726228640448077111249
3874914737021142704825986049
3876053915241366922806192451
3877193260889313102017730449
3877193260889313102017730451
3884032850759151363144922049
3885173368401151270975781249
3886314053470873140037972049
3889166498641461393080524801
3893732587474788093955920001
3894303536935141137950592449
3894303536935141137950592451
3896016636457783211781607199
3902872801672095634810627199
3906875014866322153715110051
3908590876946376587863096201
3910879279050142697703404999
3912023731243608694470556801
3914885594223557266775512049
3916030632414050127852324451
3917175838032264950160468449
3918893960386565860931431199
3920612459453241184472890051
3928063641862938578500500001
3934374013632122632542420449
3934947934934540488393228799
3937244038713516814874791201
3938966556045519207968208451
3940115110218173254902984449
3943561777302467163095302049
3947009951236258722369604049
3947009951236258722369604051
3955636978537289844039040799
3962545381200854171243519999
3962545381200854171243520001
3963697367641808423420593801
3965425661230218478994951249
3967730638678458750737088451
3968883378544161828455154449
3971189360558733867585281251
3975226440576058812914569799
3975803333720541480621514049
3977534264295572425589344199
3979842757725973883189445001
3980419985725900473359052451
3990817247259692939051412451
3993707782237027372221904199
3997177805488534872184980001
3998913382182850241322262049
4002385665708604217908314449
4002385665708604217908314451
4003543428405966132566328449
4006438567645654499598439199
4006438567645654499598439201
4007017721064383643928360051
4012231985394818006750128201
4012811557382852054158378049
4012811557382852054158378051
4017449640136622084506361251
4025572730923015145021598449
4027314460586112589410316799
4027895120854339384822222051
4028475822979496670541960199
4037772749524559923923045001
4039517116174278257705236049
4040098655438045349581632199
4042425231062418620165545799
4047080391443828696109352201
4053485611017503787700624051
4063977804069648271558001249
4065144440436274131476590049
4066311244230621952626510451
4068061763849122361660137799
4069228986212775085888387201
4069812660179997183464261249
4070980133685232849539508049
4072731657870065025961124999
4073315582978870065383996449
4075651701983395126153811251
4076235836376852617115847201
4078572792519987484042319999
4080325949125108782469420049
4083833392472474617635108449
4084418112862958972906805001
4093779331653255339119224199
4094364763611558029624080051
4094950237426791210436768799
4103737367486947759567048051
4106668503686857791335452799
4110187248405456009616024199
4113707499973551878978579999
4114294355067491239949754449
4116642194012553586912781249
4118990702668503778801134451
4121339881035341815614814051
4124864904293513580070320451
4125452554669132256890320001
4131331360556495992021124999
4131331360556495992021125001
4131919471358350062227286449
4133095818532849673563108051
4134860653221577767875587201
4141923759100234272830464799
4142512623326837168577618451
4144279467148228797666076801
4144868498802553654644562051
4148992892376881382113279999
4150761117476979191360224049
4152529719289451413377664199
4153119336940803134665810051
4154298697814298048165600449
4159607893663084429152385801
4161378379037428715022306449
4161378379037428715022306451
4169645625092430395714051249
4170827329954032766452484049
4172009202243357098422248449
4176738365677874038614622051
4177329699463375862523916799
4179103951961464276098798451
4184428969729975993446419999
4185612767438102879576497801
4188572994204703675288768051
4189757377909857425728506451
4194496587007692039800776049
4195681807851455596397172451
4196274481058733110157120001
4202796648896198121833514451
4210511195112540532745731201
4211104914743080304201501251
4212886324776282560415808801
4213480211834544293102910449
4214074140749736516097845001
4214668111521859229400612449
4219421384548338586904736451
4221204552572621436048025801
4221799025627910033044788049
4235483458412363088932200199
4240248451379379732629536201
4247997278421793705656898051
4253365994825737304382067201
4265906184701376815041492051
4271286202476552796881544199
4271884191514002579736270049
4272482222408382852898828801
4276071286770204788338672199
4276669610663098493656061249
4277267976412922689281283201
4285649491888162910356845001
4291641311487850476636480001
4293439673577901307523112049
4300636889061848758774601249
4303637507766372701545619999
4305438381272252950902226049
4307239631490507613029328201
4309041258421136687926926449
4313847438607755794531836051
4316251533267397115222280451
4318656297637926280838051251
4320460310413593303282124799
4321663194882023769784004999
4322264699901634738496694451
4325874609014840847237322049
4327680128640005520763379999
4328282052228921392554398449
4330690165153889782796801249
4333098947789746017964530449
4333098947789746017964530451
4341534960988484619838528051
4344549811049375267272732801
4357223608247139840534774451
4357827582825649737409605001
4359035657553461002082764801
4359639757702762369881094049
4360243899708994227987256199
4363869630741925673088720001
4364474065746670963349712451
4366287621902489775979687199
4372940550790806509326061249
4375361053367200030687002451
4378387623368627964314419201
4378993062939705021963401251
4379598544367712569920216201
4382020888649047664825805001
4382626579361707664321784451
4387473611912485311371604451
4388685788619484626212388449
4394142655719040813233644999
4403244968465789380345661251
4410533599485927663904204051
4421477847387367472356901249
4423303207197584551795753799
4425128943720176044005102449
4432435656934286140547458049
4435481899693044518856337799
4437919647324800047044433801
4439138772282260752985479199
4442187317172196098225168449
4444016946389323189062976799
4445236908485393701160680201
4446457038009186174489715199
4447677334960700609050081799
4450728809835770275838074049
4451949692784311574708101251
4452560197043977959604864201
4458667541771818775503303199
4461111651657008830482000001
4462945173568671519948268051
4464779072192708622185032201
4474566227107674360905041801
4475178280073768887191622051
4478239172758198873242016801
4480076210652022748566248451
4483751416576793737526200051
4484364097396845618430273799
4486202390998584202989492451
4489267050806758316744848201
4491719532078046433290125001
4495399509692893317343027199
4510134488647257364374480001
4515051505985814806120908801
4518126002172654142216996049
4518741026980813480359712199
4521201544782755736008905801
4521816778875567525690786451
4522432054825309805680500001
4526740158467559494227816049
4526740158467559494227816051
4527971421934862389440402449
4529818631062795409568028799
4535362518720840946573884451
4535978715523054013335921799
4537827557071276155469031251
4545843556901009763393793799
4546460465271041165388990449
4547694407581895440302882451
4548928517320471676448106049
4551397239080790032432548051
4552014524163195847198240801
4553866630551996233342316449
4554484083062124009339340799
4555101577429182275644198049
4555719113653171032256888201
4556954311671940016405767201
4568697043307878182232781249
4568697043307878182232781251
4570552540108048283311321801
4573645871913608257932214051
4575502373280110126398744199
4577359251358986407635770451
4577978294432472815330445001
4578597379362889713332952449
4581074137653862208421311249
4582312767940931397812488051
4591607831852587832495008799
4604015900327134686479884801
4609604993470109755945272449
4610847474594784053657076051
4615197477024454540345125001
4615819073370700856817606449
4615819073370700856817606451
4633863575176607318426880001
4646952258269391822928626451
4655064026756087255175064199
4655688301945884951348851251
4658185821274380639122328449
4661308662215936280765415199
4661933355975038880017531249
4666932412897357325116444049
4668807749882579832107779201
4670058183824047288307833799
4672559553990148084401937801
4673185001173999509195046051
4678190085494308558621896449
4678815909390534396185500799
4681945656725620938621016049
4691341177270454112102496801
4693221411516543985110281249
4697610089749987516235929799
4698237211211058553342354049
4701373446370371093491968799
4702628233432609541706645001
4703255689749124501275732451
4707021306643754555154748051
4707649055958782946878665799
4707649055958782946878665801
4713928851240243831048652799
4714557060981507616158732451
4716441941346881913335968799
4718955701164407840548611201
4724614109384274859785281249
4727130045762186283005234449
4729017437543389998652444801
4730275908015511593956416201
4731534545915355150491719199
4735941097058118043062016051
4736570771791948988946247201
4739719773315061072984896449
4739719773315061072984896451
4740979666922819338755186451
4745390613043283713647937801
4749173056423970871275779199
4749803610153342113624501251
4750434205739643846281056199
4751064843182876069245444051
4752326243640131986097718451
4752957006654155679985604999
4756742463733838139777415201
4759898162365828673069328449
4759898162365828673069328451
4765581056890032522388245001
4767476108489515964368876049
4768107876069871425644752201
4772531421126413383195206449
4773163523562212766933745801
4775060082011193859996361249
4778221849898105487924045001
4779486850051383571249948801
4781384664208279373547551249
4794679911253033547204659201
4796580739108924651666230451
4799749622674019631925507199
4801017469098571056184048201
4806724849927111735585211251
4810531654041344252371800449
4820055256793477767821955201
4825138362432220751049331199
4828316663806676050571010449
4831496011604393607788512199
4831496011604393607788512201
4832132006734728590155511249
4832768043721994062830343199
4839130715725825756509472199
4841040333537119825615952451
4842950328060788307492928801
4844860699296831202140401251
4847408446941915259313358449
4848682571906040229746834451
4851231324117456054307781249
4852505951364746908435252049
4852505951364746908435252051
4853780746039759723794054449
4857606134631129937258451251
4858881599017030597542580051
4868452918669923063922240801
4870368312737624795509661249
4872284083517700939867577801
4876116755214976466894899199
4878672706818436624403104799
4881868588103697853214602049
4881868588103697853214602051
4882507889931541569900400199
4883147233616315776894031249
4884426046556655661804792049
4896583119947517384869683199
4897223384484762378635638051
4901065850703772637695858051
4902347007632219979845261251
4903628331988389283225996051
4904909823772280547838062451
4908114285728292289755304201
4908755303690286109062251251
4910678608717850508830089801
4912602290457789321368424451
4914526348910102546677255199
4917092346176880378065356799
4917733950135901061681964449
4920300784541288699226724051
4936358672712264170470897799
4937644433903065446481920001
4940859569376352216896551251
4941502722041801041902976199
4942145916564180357217234051
4942789152943490162839324801
4946005962693996545567272049
4946005962693996545567272051
4949867515673310384999294451
4956306785859939342012630451
4959527990588147207063032201
4962750241739617329809256451
4964039435198718811062576449
4965328796085542253547228051
4970487913910055635799150449
4971778111935488884440460051
4973068477388644094313101249
4973713722900617434711171201
4976940578314441491319014449
4977586074967997773564081799
4980168480151527805622680201
4980814186089736539406912051
4983397428411876377622168449
4986627423095487207317479201
4989212172267124696614719999
4989858464202360294708612449
4998910946273360150345561249
4999557866062553103056947199
