prime found
17
19
71
73
163
449
647
881
883
1151
1153
1459
1801
2179
2591
2593
3041
3527
3529
4049
4051
7937
8713
9521
10369
11251
13121
15137
15139
17299
18433
19603
20807
20809
22051
23327
30259
31751
34847
34849
36451
39761
46817
46819
48673
52489
54449
58481
62659
66977
69191
69193
71443
73727
80803
83231
83233
95923
103967
103969
106721
112337
112339
115201
124001
130051
139393
145799
149057
149059
162451
165887
169361
172871
176417
176419
179999
180001
187273
194687
206081
206083
209953
213859
229841
246403
254899
259201
263537
267913
276767
281249
281251
285767
294911
299539
308899
318403
323207
328051
342791
347779
357859
362951
362953
368083
378449
388961
388963
394271
399617
405001
415873
421361
426889
432449
438047
438049
449353
466579
472391
472393
478241
478243
484129
496007
