Twin 1,Twin 2
138226714600462893183185070838512168815911854019096938722694202164628130560167900217139462531713799,138226714600462893183185070838512168815911854019096938722694202164628130560167900217139462531713801
631179841348994521166272542814252590719727965140563742629366155192135310162727092717578632102048799,631179841348994521166272542814252590719727965140563742629366155192135310162727092717578632102048801
7583302733901530203036116194410581055883646953023510962407474153608162985574337804877618398805020799,7583302733901530203036116194410581055883646953023510962407474153608162985574337804877618398805020801
11573167020961595173556049267869054044237175631731360846282694522196878446103897856428200921741718449,11573167020961595173556049267869054044237175631731360846282694522196878446103897856428200921741718451
11951318573686318566279201902497716894367976544167939017437662477309837313365813619592174178778124049,11951318573686318566279201902497716894367976544167939017437662477309837313365813619592174178778124051
25433636050438599915860254604258830383981350910709064947108274841303097890262991737742647049052161249,25433636050438599915860254604258830383981350910709064947108274841303097890262991737742647049052161251
38724031542291896092151972146780158112678928509706211108742848134888558765563066459241025860029600799,38724031542291896092151972146780158112678928509706211108742848134888558765563066459241025860029600801
41663169262254017867440841572474955627611051153120093929374633229685811180338877293287467167514791199,41663169262254017867440841572474955627611051153120093929374633229685811180338877293287467167514791201
54421669979018313127946928077508613206092544625796144371021345300910956449340030119519987500610018449,54421669979018313127946928077508613206092544625796144371021345300910956449340030119519987500610018451
65327018156445490587875576104952910073290786695811168685581632620972172379412636087953013046174711249,65327018156445490587875576104952910073290786695811168685581632620972172379412636087953013046174711251
67318634219729457015893485539122869201449119313833818938240910449851287301423020667655311842873603199,67318634219729457015893485539122869201449119313833818938240910449851287301423020667655311842873603201
78499912747484847469430321593535404959616842641832973913723133974449705372805438589887825637703061249,78499912747484847469430321593535404959616842641832973913723133974449705372805438589887825637703061251
84665997973683211163763387271841185729292191705637721373974205226896085563203296304695242050305536199,84665997973683211163763387271841185729292191705637721373974205226896085563203296304695242050305536201
88999551558797771786357569185647500067520186812800028439713340311193850450182990896040303258557790449,88999551558797771786357569185647500067520186812800028439713340311193850450182990896040303258557790451
98720145573843783867645149654114577467454356736295113236433205642645885306145550740988357228419832449,98720145573843783867645149654114577467454356736295113236433205642645885306145550740988357228419832451
103985446515419657699452180680921191803805902596635671018653463316420224382263661143843863910527186449,103985446515419657699452180680921191803805902596635671018653463316420224382263661143843863910527186451
110231911028793776695865861518030289615134501043724203369090950538440628668244671329881654962953145799,110231911028793776695865861518030289615134501043724203369090950538440628668244671329881654962953145801
140118196281265651347093676307942999888164458590953504459789464325578489767160811462542721070221770449,140118196281265651347093676307942999888164458590953504459789464325578489767160811462542721070221770451
140386060625481211008246419977725621743447675420931092015867908872386261379014169257871631037949378449,140386060625481211008246419977725621743447675420931092015867908872386261379014169257871631037949378451
146720261003300135806611042276490821412191693811996896231952971225335032563071133865184966454301308449,146720261003300135806611042276490821412191693811996896231952971225335032563071133865184966454301308451
148403134133445926678678944266458911691511082483734781693005218696914261025800755966465253596669011249,148403134133445926678678944266458911691511082483734781693005218696914261025800755966465253596669011251
166032778125475916356887210413871028740770983354331929863216397586191588900516209451027871183643644999,166032778125475916356887210413871028740770983354331929863216397586191588900516209451027871183643645001
181495679047798585717600847202033133814469616485463157802482873330154765614537623051233954700032179999,181495679047798585717600847202033133814469616485463157802482873330154765614537623051233954700032180001
190908452886800883110392443498377737513592871598537713491376812614732820371572846917028820681465735199,190908452886800883110392443498377737513592871598537713491376812614732820371572846917028820681465735201
213163551456416922284555522433647258196496381690898528464280769068635558491371518317676153469277196799,213163551456416922284555522433647258196496381690898528464280769068635558491371518317676153469277196801
217186394692346752453509418806094877430912840140875496768337081281038299264998012123008175629411124999,217186394692346752453509418806094877430912840140875496768337081281038299264998012123008175629411125001
219693576177372425020520998991929534097865420228087383875588771287193404190626352096297122552054044999,219693576177372425020520998991929534097865420228087383875588771287193404190626352096297122552054045001
223143326806311017104228697428020461689544225195145203965906586843374925033392875829478750696856577799,223143326806311017104228697428020461689544225195145203965906586843374925033392875829478750696856577801
231756136690920108031800300423942335911218264925443362989264673652085043298997582395203906325251992199,231756136690920108031800300423942335911218264925443362989264673652085043298997582395203906325251992201
234930471555240987768070706323179684602435910242497649470254780096170446760153281339852363695548711249,234930471555240987768070706323179684602435910242497649470254780096170446760153281339852363695548711251
247598981722792040900247937437540288345672803754869792615336687067354006179115830155637601059293552199,247598981722792040900247937437540288345672803754869792615336687067354006179115830155637601059293552201
289160880517219531601256546555450157841246162457408386790967428504634336650694033324513789194246688199,289160880517219531601256546555450157841246162457408386790967428504634336650694033324513789194246688201
292463552058543718122361548086390281640985802588109052508389627673249694550175774029950239686950651249,292463552058543718122361548086390281640985802588109052508389627673249694550175774029950239686950651251
292898873584107286119577819871310956174464427038832700396079153533428877904694485225886291848468938449,292898873584107286119577819871310956174464427038832700396079153533428877904694485225886291848468938451
294958932544474501598885048299410973612989776168418334804275067047802019758474234555903570035534160199,294958932544474501598885048299410973612989776168418334804275067047802019758474234555903570035534160201
300422373964481983461155333092697347401380496519151893229476358568308607083736335002080931561719344199,300422373964481983461155333092697347401380496519151893229476358568308607083736335002080931561719344201
303936415333377639285155930699084411768363540440562268256107876445636722394332143553025728870944861249,303936415333377639285155930699084411768363540440562268256107876445636722394332143553025728870944861251
309979578023684051051502939023719039096641827958376685264515824877226969059858254565288921553336944049,309979578023684051051502939023719039096641827958376685264515824877226969059858254565288921553336944051
312748408356979323533053563080776623500514489802860715346405397044695150941597137457131772906352019999,312748408356979323533053563080776623500514489802860715346405397044695150941597137457131772906352020001
357306359549743639031132192235402825247620462316539014395741656196171585196561167823456492680843272449,357306359549743639031132192235402825247620462316539014395741656196171585196561167823456492680843272451
358643682879712696963416704797462886017208113037376089839845618377041182053113443536930877568961112449,358643682879712696963416704797462886017208113037376089839845618377041182053113443536930877568961112451
377244003886197816696399488388666114501862862075776812468601379561808876976447388456190338948399602049,377244003886197816696399488388666114501862862075776812468601379561808876976447388456190338948399602051
412948787704553738476508298930726606344251549963349959566340869741865717178717272272366728588203124999,412948787704553738476508298930726606344251549963349959566340869741865717178717272272366728588203125001
427115692524633878013580768630396407031701242794773207891528683609637911023623223069773230934469186049,427115692524633878013580768630396407031701242794773207891528683609637911023623223069773230934469186051
438852205037237248204766880106953366451334324266978479812509363357060446287807363287835959664306272199,438852205037237248204766880106953366451334324266978479812509363357060446287807363287835959664306272201
442145532101736964739483115378568635433144209683437313245447656179056338803396039974688718848377780049,442145532101736964739483115378568635433144209683437313245447656179056338803396039974688718848377780051
459069390816753132718519289144028353248385184490495316787963909746811795202308521340917782246717368449,459069390816753132718519289144028353248385184490495316787963909746811795202308521340917782246717368451
481229213592271088661594383183845220057609595311069956300404684002678543906189379778348538312290144799,481229213592271088661594383183845220057609595311069956300404684002678543906189379778348538312290144801
496513073159586158926278905711928863521155099341604537660181104071686394000710085219665825957960031249,496513073159586158926278905711928863521155099341604537660181104071686394000710085219665825957960031251
